// Job-specific Stat Bonuses Database
//
// Structure of Database:
// JobID,JobLv1,JobLv2,JobLv3,...
//
// Legend for 'JobLvN' fields:
//  0 = No stat bonus at this job level
//  1 = STR increased by 1 at this job level
//  2 = AGI increased by 1 at this job level
//  3 = VIT increased by 1 at this job level
//  4 = INT increased by 1 at this job level
//  5 = DEX increased by 1 at this job level
//  6 = LUK increased by 1 at this job level
//
// 노비스
0,0,6,5,0,2,3,0,1,4,0
// 검사
1,0,1,0,0,0,3,0,0,0,5,0,0,0,1,0,0,0,3,0,0,0,5,0,0,0,6,0,0,0,2,0,0,1,0,0,5,0,3,0,1,0,3,0,6,0,2,1,0,1,1
// 마법사
2,0,4,0,0,0,5,0,0,0,5,0,0,0,4,0,0,0,2,0,0,0,4,0,0,0,2,0,0,0,6,0,0,4,0,0,5,0,4,0,2,0,6,0,4,0,4,2,0,6,4
// 궁수
3,0,5,0,0,0,1,0,0,0,4,0,0,0,5,0,0,0,5,0,0,0,6,0,0,0,2,0,0,0,5,0,0,2,0,0,5,0,1,0,1,0,5,0,6,0,3,4,0,2,5
// 복사
4,0,6,0,0,0,3,0,0,0,4,0,0,0,5,0,0,0,6,0,0,0,2,0,0,0,1,0,0,0,3,0,0,4,0,0,5,0,6,0,2,0,1,0,3,0,4,5,0,1,6
// 상인
5,0,3,0,0,0,5,0,0,0,1,0,0,0,5,0,0,0,3,0,0,0,1,0,0,0,4,0,0,0,3,0,0,2,0,0,6,0,5,0,1,0,5,0,1,0,6,3,0,1,5
// 도둑
6,0,2,0,0,0,1,0,0,0,5,0,0,0,3,0,0,0,4,0,0,0,5,0,0,0,6,0,0,0,1,0,0,2,0,0,2,0,1,0,6,0,5,0,3,0,6,1,0,5,2
// 기사
7,3,0,3,1,6,0,0,3,0,1,5,3,2,0,1,0,3,3,5,6,1,0,3,0,0,0,1,6,3,0,5,0,1,0,0,3,6,2,0,5,0,0,3,0,0,1,1,5,5,0
// 프리스트
8,6,0,6,1,0,2,3,4,4,6,1,0,0,3,0,5,1,0,0,5,6,4,0,0,5,0,1,0,2,0,6,5,0,3,1,3,2,0,6,0,0,4,4,0,3,0,0,2,0,6
// 위저드
9,4,5,0,4,5,2,0,0,4,2,0,1,5,0,6,0,0,4,0,0,0,4,0,2,0,5,0,0,4,0,4,5,4,2,0,6,0,3,5,4,2,0,2,0,4,2,2,4,0,4
// 블랙스미스
10,5,0,1,5,5,0,3,1,5,0,6,5,3,0,0,1,0,0,5,3,4,0,1,0,0,5,0,5,2,0,1,3,0,4,0,5,3,2,5,5,0,0,0,1,0,6,5,0,3,0
// 헌터
11,5,0,4,5,6,1,0,5,0,1,1,2,0,5,6,0,3,0,2,2,5,0,3,0,0,0,5,0,6,0,2,0,5,4,0,0,0,5,2,0,4,6,5,1,0,4,2,0,5,0
// 어쌔신
12,2,2,2,4,0,3,0,3,5,0,1,0,0,4,2,2,2,2,2,2,2,0,0,5,1,0,1,0,0,5,5,1,0,0,0,0,0,4,0,5,5,4,0,0,1,5,0,1,0,5
// 기사 (페코)
13,3,0,3,1,6,0,0,3,0,1,5,3,2,0,1,0,3,3,5,6,1,0,3,0,0,0,1,6,3,0,5,0,1,0,0,3,6,2,0,5,0,0,3,0,0,1,1,5,5,0
// 크루세이더
14,6,6,6,6,6,0,1,0,4,0,1,3,0,5,3,0,1,0,0,4,4,3,1,0,1,0,0,5,0,2,0,1,0,5,4,2,0,4,0,3,3,0,0,4,0,3,0,1,0,3
// 몽크
15,1,1,0,5,2,0,3,0,0,2,0,1,1,0,6,4,0,2,0,3,2,5,2,0,3,1,1,0,0,5,0,6,3,0,2,0,0,4,0,6,3,0,5,2,0,3,0,0,1,1
// 세이지
16,4,0,2,3,0,2,0,4,0,0,3,0,2,0,4,0,6,3,0,5,0,2,0,4,5,0,5,0,0,4,0,5,2,0,6,0,4,4,5,6,0,1,0,1,4,1,1,1,0,4
// 로그
17,2,3,5,0,1,3,2,0,3,0,5,0,0,3,3,2,0,5,0,5,0,0,2,0,1,3,1,0,2,1,0,0,5,5,0,1,0,4,2,0,0,1,4,0,2,0,4,4,0,5
// 알케미스트
18,4,5,5,0,0,1,0,5,4,0,2,0,5,2,1,0,4,0,5,3,5,0,4,4,5,1,0,5,4,0,3,5,0,1,0,3,0,4,0,2,0,0,1,0,2,0,0,0,2,2
// 바드
19,5,2,1,0,4,6,5,0,6,2,2,0,4,0,5,5,3,0,5,6,4,0,0,2,0,0,0,1,0,2,0,5,3,0,2,0,0,5,0,4,6,0,3,0,0,5,4,2,0,5
// 댄서
20,6,2,1,0,4,5,6,0,5,2,2,0,4,0,6,5,3,0,6,5,4,0,0,2,0,0,0,1,0,2,0,6,3,0,2,0,0,6,0,4,5,0,3,0,0,6,4,2,0,6
// 크루세이더 (페코)
21,6,6,6,6,6,0,1,0,4,0,1,3,0,5,3,0,1,0,0,4,4,3,1,0,1,0,0,5,0,2,0,1,0,5,4,2,0,4,0,3,3,0,0,4,0,3,0,1,0,3
// 22: Wedding
// 슈퍼 노비스
23,1,0,2,0,3,0,4,0,5,0,6,0,1,0,2,0,3,0,4,0,5,0,6,0,1,0,2,0,3,0,4,0,5,0,6,0,1,0,2,0,3,0,4,0,5,0,6,0,1,0,0,2,0,0,0,3,0,0,0,4,0,0,0,5,0,0,0,6,0,0,0,0,0,0,0,0,0,0,0,0,0,0,0,0,0,0,0,0,0,0,0,0,0,0,0,0,0,0,0
// 건슬링거
24,5,6,0,6,0,5,0,0,0,0,5,6,0,0,0,0,5,0,0,0,6,0,0,0,5,0,0,0,0,0,6,1,0,0,5,0,0,0,0,0,1,0,0,0,5,0,0,0,0,1,6,4,0,0,5,0,0,0,2,3,4,5,6,1,0,0,0,0,0,0
// 닌자
25,2,2,0,0,0,0,0,0,0,5,2,0,0,0,0,0,0,0,0,4,2,5,0,0,0,0,0,0,4,6,2,5,0,0,0,0,0,0,0,6,2,4,5,0,0,0,0,0,0,4,2,6,5,0,0,0,0,0,1,3,2,4,5,6,0,0,0,0,0,0
// 하이 노비스
4001,0,6,5,0,2,3,0,1,4,0
// 하이 검사
4002,0,1,0,0,0,3,0,0,0,5,0,0,0,1,0,0,0,3,0,0,0,5,0,0,0,6,0,0,0,2,0,0,1,0,0,5,0,3,0,1,0,3,0,6,0,2,1,0,1,1
// 하이 마법사
4003,0,4,0,0,0,5,0,0,0,5,0,0,0,4,0,0,0,2,0,0,0,4,0,0,0,2,0,0,0,6,0,0,4,0,0,5,0,4,0,2,0,6,0,4,0,4,2,0,6,4
// 하이 궁수
4004,0,5,0,0,0,1,0,0,0,4,0,0,0,5,0,0,0,5,0,0,0,6,0,0,0,2,0,0,0,5,0,0,2,0,0,5,0,1,0,1,0,5,0,6,0,3,4,0,2,5
// 하이 복사
4005,0,6,0,0,0,3,0,0,0,4,0,0,0,5,0,0,0,6,0,0,0,2,0,0,0,1,0,0,0,3,0,0,4,0,0,5,0,6,0,2,0,1,0,3,0,4,5,0,1,6
// 하이 상인
4006,0,3,0,0,0,5,0,0,0,1,0,0,0,5,0,0,0,3,0,0,0,1,0,0,0,4,0,0,0,3,0,0,2,0,0,6,0,5,0,1,0,5,0,1,0,6,3,0,1,5
// 하이 도둑
4007,0,2,0,0,0,1,0,0,0,5,0,0,0,3,0,0,0,4,0,0,0,5,0,0,0,6,0,0,0,1,0,0,2,0,0,2,0,1,0,6,0,5,0,3,0,6,1,0,5,2
// 로드 나이트
4008,1,2,6,5,3,1,1,1,0,2,5,3,4,2,0,5,2,0,1,0,0,3,0,0,1,0,6,5,3,0,5,0,1,0,0,5,2,6,0,3,1,0,3,5,0,1,1,0,5,0,0,1,2,0,0,1,1,3,0,2,0,5,0,1,2,0,4,3,0,1
// 하이 프리스트
4009,4,0,2,3,1,0,4,2,0,0,4,1,5,0,0,5,0,0,2,4,1,3,4,4,0,5,0,5,2,3,1,0,0,4,0,0,5,1,0,6,0,2,5,0,1,5,4,0,6,3,3,0,0,0,2,5,4,3,0,1,4,5,0,0,2,4,3,2,0,4
// 하이 위저드
4010,4,5,3,0,4,0,0,2,5,4,0,6,0,4,0,0,5,2,4,1,0,5,5,4,0,2,0,4,3,0,5,4,0,2,0,0,4,4,4,1,6,0,5,0,0,4,3,0,4,2,0,0,3,0,4,2,6,0,4,1,5,4,0,0,2,3,5,0,2,4
// 화이트스미스
4011,5,1,1,4,0,5,2,6,3,0,0,5,3,0,4,6,1,0,2,2,0,4,5,0,0,1,0,6,3,0,2,5,1,4,0,2,0,5,6,0,5,0,0,6,6,0,5,3,0,4,0,1,0,0,5,5,0,2,0,3,4,5,0,2,3,6,6,0,0,5
// 스나이퍼
4012,5,2,5,5,4,2,0,1,0,2,2,3,0,6,0,5,5,0,0,4,2,5,0,1,6,5,0,2,0,5,6,3,2,0,5,6,0,2,0,5,0,4,2,0,1,5,0,2,0,6,5,0,0,4,3,0,6,2,0,5,1,6,0,0,4,0,0,0,5,6
// 어쌔신 크로스
4013,2,1,6,2,2,0,1,6,3,5,0,1,0,0,2,6,0,6,0,2,1,0,5,2,2,6,0,0,1,0,2,2,2,6,0,0,5,1,5,0,0,2,5,0,0,2,3,6,0,1,2,0,5,1,0,2,5,0,0,0,5,2,0,5,6,1,0,0,3,5
// 로드 나이트 (페코)
4014,1,2,6,5,3,1,1,1,0,2,5,3,4,2,0,5,2,0,1,0,0,3,0,0,1,0,6,5,3,0,5,0,1,0,0,5,2,6,0,3,1,0,3,5,0,1,1,0,5,0,0,1,2,0,0,1,1,3,0,2,0,5,0,1,2,0,4,3,0,1
// 팔라딘
4015,3,1,2,0,0,5,4,2,3,1,0,5,0,4,3,2,5,1,0,0,3,0,5,2,0,1,0,0,4,3,0,0,1,0,0,5,2,0,6,1,0,3,4,0,5,0,0,1,3,0,0,2,3,4,1,0,5,0,6,2,4,0,3,1,4,0,6,5,3,2
// 챔피언
4016,1,4,3,2,0,5,0,0,1,0,4,2,6,0,3,5,1,0,0,2,2,5,0,3,0,0,1,0,2,5,0,0,4,6,0,0,1,5,3,0,0,3,0,5,2,6,4,1,0,5,0,2,5,0,0,4,0,3,1,5,0,2,0,4,1,1,5,3,4,2
// 프로페서
4017,4,4,2,0,1,0,3,5,0,0,4,2,0,4,0,5,0,1,0,5,6,4,2,3,0,5,1,0,5,4,0,2,0,5,0,1,5,4,3,0,4,0,2,0,1,5,0,0,4,2,0,5,0,2,5,1,4,0,0,2,0,5,3,4,0,6,0,4,2,4
// 스토커
4018,1,2,0,6,4,3,0,0,2,5,1,2,0,0,3,5,5,0,0,6,2,1,0,6,0,5,2,0,5,0,6,1,0,2,0,0,5,5,0,0,2,3,1,4,2,0,1,0,5,6,0,5,1,0,0,5,4,2,6,5,0,1,3,2,0,5,1,0,0,2
// 크리에이터
4019,5,0,6,0,2,1,4,6,3,5,0,0,4,0,5,0,0,2,0,6,0,4,5,0,6,0,2,0,0,4,1,0,3,6,5,0,0,2,0,0,5,5,5,0,6,4,5,0,5,0,6,6,1,2,0,5,5,0,4,6,3,0,5,6,0,1,2,4,6,5
// 크로운
4020,2,5,0,2,1,0,5,4,2,1,6,0,2,0,5,3,0,6,1,0,4,0,5,2,0,6,0,4,0,5,0,2,1,0,0,2,0,0,5,5,4,0,5,0,1,0,6,0,2,5,0,0,2,1,0,5,5,2,3,0,5,1,5,0,2,5,0,2,4,1
// 집시
4021,5,1,0,2,0,1,0,4,5,0,2,2,2,5,5,0,3,5,0,1,0,5,5,0,2,4,6,5,0,0,2,0,5,0,1,0,0,2,4,0,5,0,5,0,5,0,2,0,5,1,0,2,4,3,0,0,2,5,0,4,2,2,6,0,5,1,2,0,5,2
// 팔라딘 (페코)
4022,3,1,2,0,0,5,4,2,3,1,0,5,0,4,3,2,5,1,0,0,3,0,5,2,0,1,0,0,4,3,0,0,1,0,0,5,2,0,6,1,0,3,4,0,5,0,0,1,3,0,0,2,3,4,1,0,5,0,6,2,4,0,3,1,4,0,6,5,3,2
// 베이비노비스
4023,0,0,0,0,0,0,0,0,0,0
// 베이비검사
4024,0,1,0,0,0,3,0,0,0,5,0,0,0,1,0,0,0,3,0,0,0,5,0,0,0,6,0,0,0,2,0,0,1,0,0,5,0,3,0,1,0,3,0,6,0,2,1,0,1,1
// 베이비마법사
4025,0,4,0,0,0,5,0,0,0,5,0,0,0,4,0,0,0,2,0,0,0,4,0,0,0,2,0,0,0,6,0,0,4,0,0,5,0,4,0,2,0,6,0,4,0,4,2,0,6,4
// 베이비궁수
4026,0,5,0,0,0,1,0,0,0,4,0,0,0,5,0,0,0,5,0,0,0,6,0,0,0,2,0,0,0,5,0,0,2,0,0,5,0,1,0,1,0,5,0,6,0,3,4,0,2,5
// 베이비복사
4027,0,6,0,0,0,3,0,0,0,4,0,0,0,5,0,0,0,6,0,0,0,2,0,0,0,1,0,0,0,3,0,0,4,0,0,5,0,6,0,2,0,1,0,3,0,4,5,0,1,6
// 베이비상인
4028,0,3,0,0,0,5,0,0,0,1,0,0,0,5,0,0,0,3,0,0,0,1,0,0,0,4,0,0,0,3,0,0,0,0,0,6,0,5,0,1,2,5,0,1,0,6,3,0,1,5
// 베이비도둑
4029,0,2,0,0,0,1,0,0,0,5,0,0,0,3,0,0,0,4,0,0,0,5,0,0,0,6,0,0,0,1,0,0,2,0,0,1,0,2,0,6,0,5,0,3,0,6,1,0,5,2
// 베이비기사
4030,3,0,3,1,6,0,0,3,0,1,5,3,2,0,1,0,3,3,5,6,1,0,3,0,0,0,1,6,3,0,5,0,1,0,0,3,6,2,0,5,0,0,3,0,0,1,1,5,5,0
// 베이비프리스트
4031,6,0,6,1,0,2,3,4,4,6,1,0,0,3,5,0,1,0,0,5,6,4,0,0,5,0,1,0,2,0,6,5,0,3,1,3,2,0,6,0,0,4,4,0,3,0,0,2,0,6
// 베이비위저드
4032,4,5,0,4,5,2,0,0,4,2,0,1,5,0,6,0,0,4,0,0,0,4,0,2,0,5,0,0,4,0,4,5,4,2,0,6,0,3,5,4,2,0,2,0,4,2,2,4,0,4
// 베이비블랙스미스
4033,5,0,1,5,5,0,3,1,0,5,6,5,3,0,0,1,0,0,5,3,4,0,1,0,0,5,0,5,2,0,1,3,0,4,0,5,3,2,5,5,0,0,0,1,0,6,5,0,3,0
// 베이비헌터
4034,5,0,4,5,1,0,6,5,0,1,1,2,0,5,6,0,3,0,2,2,5,3,0,0,0,0,5,0,6,0,2,0,5,4,0,0,0,5,2,0,4,6,5,1,0,4,2,0,5,0
// 베이비어쌔신
4035,2,2,2,4,0,3,0,3,5,0,1,0,0,4,2,2,2,2,2,2,2,0,0,5,1,0,1,0,0,5,5,1,0,0,0,0,0,4,0,5,5,4,0,0,1,5,0,1,0,5
// 베이비기사 (페코)
4036,3,0,3,1,6,0,0,3,0,1,5,3,2,0,1,0,3,3,5,6,1,0,3,0,0,0,1,6,3,0,5,0,1,0,0,3,6,2,0,5,0,0,3,0,0,1,1,5,5,0
// 베이비크루세이더
4037,6,6,6,6,6,0,1,0,4,0,1,3,0,5,3,0,1,0,0,4,4,3,1,0,1,0,0,5,0,2,0,1,0,5,4,2,0,4,0,3,3,0,0,4,0,3,0,1,0,3
// 베이비몽크
4038,1,1,0,5,2,0,3,0,0,2,0,1,1,0,6,4,0,2,0,3,2,5,2,0,3,1,1,0,0,5,0,6,3,0,2,0,0,4,0,6,3,0,5,2,0,3,0,0,1,1
// 베이비세이지
4039,4,0,2,3,0,2,0,4,0,0,3,0,2,0,4,0,6,3,0,5,0,2,0,4,5,0,5,0,0,4,0,5,2,0,6,0,4,4,5,6,0,1,0,1,4,1,1,1,0,4
// 베이비로그
4040,2,3,5,0,1,3,2,0,3,0,5,0,0,3,3,2,0,5,0,5,0,0,2,0,1,3,1,0,2,1,0,0,5,5,0,1,0,4,2,0,0,1,4,0,2,0,4,4,0,5
// 베이비알케미스트
4041,4,5,5,0,0,1,0,5,4,0,2,0,5,2,1,0,4,0,5,3,5,0,4,4,5,1,0,5,4,0,3,5,0,1,0,3,0,4,0,2,0,0,1,0,2,0,0,0,2,2
// 베이비바드
4042,5,2,1,0,4,6,5,0,6,2,2,0,4,0,5,5,3,0,5,6,4,0,0,2,0,0,0,1,0,2,0,5,3,0,2,0,0,5,0,4,6,0,3,0,0,5,4,2,0,5
// 베이비댄서
4043,6,2,1,0,4,5,6,0,5,2,2,0,4,0,6,5,3,0,6,5,4,0,0,2,0,0,0,1,0,2,0,6,3,0,2,0,0,6,0,4,5,0,3,0,0,6,4,2,0,6
// 베이비크루세이더 (페코)
4044,6,6,6,6,6,0,1,0,4,0,1,3,0,5,3,0,1,0,0,4,4,3,1,0,1,0,0,5,0,2,0,1,0,5,0,2,0,4,0,3,3,0,0,4,0,3,0,1,0,3
// 슈퍼 베이비
4045,1,0,2,0,3,0,4,0,5,0,6,0,1,0,2,0,3,0,4,0,5,0,6,0,1,0,2,0,3,0,4,0,5,0,6,0,1,0,2,0,3,0,4,0,5,0,6,0,1,0,0,2,0,0,0,3,0,0,0,4,0,0,0,5,0,0,0,6,0,0,0,0,0,0,0,0,0,0,0,0,0,0,0,0,0,0,0,0,0,0,0,0,0,0,0,0,0,0,0
// 태권
4046,1,1,1,1,1,1,0,0,0,5,5,5,5,5,5,0,0,0,0,2,2,2,2,2,2,0,0,0,0,0,0,0,0,0,0,0,0,0,0,0,0,0,0,0,0,0,0,0,0,0
// 권성
4047,1,1,1,1,1,1,1,1,1,1,1,1,0,0,0,0,0,0,0,5,5,5,5,5,5,0,0,0,0,0,0,0,0,0,0,0,0,0,2,2,2,2,2,2,2,2,2,2,2,2
// 권성 (융합)
4048,1,1,1,1,1,1,1,1,1,1,1,1,0,0,0,0,0,0,0,5,5,5,5,5,5,0,0,0,0,0,0,0,0,0,0,0,0,0,2,2,2,2,2,2,2,2,2,2,2,2
// 소울링커
4049,4,4,4,4,4,4,4,4,4,4,4,4,0,0,0,0,0,0,0,3,3,3,3,3,3,0,0,0,0,0,0,0,0,0,0,0,0,0,5,5,5,5,5,5,5,5,5,5,5,5
//================================
// 3CeAM r664 Base
//
// Note: All 3rd class and other jobs below go up to job level 50. Also, Gangsi job tree job levels
// will be set the same as the Taekwon job tree until we can get some official info. (Rytech)
//
// Note 2: Gangsi is currently using Acolyte settings, Death Knight using Knight settings and Dark Collector
// is using Sage settings. Its mainly like this for these 3 jobs because of the temp sprite that shows when
// changeing to their job ID's.
//
// 강시
4050,1,1,1,0,0,0,2,2,2,0,0,0,5,5,5,0,0,0,4,4,4,0,0,0,3,3,3,0,0,0,6,6,6,0,0,0,0,0,0,0,0,0,0,0,0,0,0,0,0,0
// 데스나이트
4051,2,2,2,2,2,0,0,0,5,5,5,5,5,0,0,0,6,6,6,6,6,0,0,0,0,4,4,4,4,4,0,0,0,0,0,3,3,3,3,3,0,0,0,0,0,1,1,1,1,1
// 다크콜렉터
4052,5,5,5,5,5,0,0,0,2,2,2,2,2,0,0,0,1,1,1,1,1,0,0,0,0,6,6,6,6,6,0,0,0,0,0,3,3,3,3,3,0,0,0,0,0,4,4,4,4,4
// 룬나이트
4054,4,4,5,3,4,0,0,0,0,1,1,4,4,3,5,0,0,0,5,2,2,4,3,5,0,0,0,0,0,4,5,3,1,0,0,0,0,0,4,5,2,0,0,5,3,4,6,6,6,4,1,0,2,0,5,0,6,0,3,1
// 워록
4055,4,4,5,0,0,5,4,2,0,0,0,4,5,0,3,0,0,3,5,2,0,0,4,3,3,0,0,5,2,0,6,0,0,1,4,4,0,0,5,2,4,0,0,4,4,0,2,0,0,4,5,3,6,2,4,0,3,2,5,4
// 레인져
4056,5,4,4,2,0,0,2,5,4,0,0,3,3,3,0,0,5,2,0,0,4,3,5,0,0,1,1,0,0,5,2,3,0,0,0,4,4,4,2,0,0,0,2,5,2,0,0,0,4,2,6,5,0,4,2,0,3,6,5,2
// 아크비숍
4057,4,0,3,0,5,0,4,4,0,3,3,0,0,5,5,0,0,1,1,0,0,4,0,1,0,2,2,1,0,0,0,4,0,3,0,5,0,2,2,4,4,0,0,5,3,1,0,0,4,5,6,2,3,1,4,0,3,6,5,4
// 미케닉
4058,6,1,0,0,1,0,6,2,5,4,0,0,4,6,0,0,2,0,3,3,4,5,0,0,3,6,0,0,3,0,1,1,3,6,0,0,4,4,0,0,0,3,3,1,1,0,0,5,2,0,6,1,5,0,4,3,2,0,5,1
// 길로틴 크로스
4059,2,5,0,1,1,0,0,0,1,2,5,0,0,3,3,1,0,0,3,1,0,0,2,2,5,0,0,4,4,1,3,0,0,0,2,5,5,0,0,0,4,3,2,2,0,0,0,4,5,5,6,1,2,3,0,4,0,1,6,2
// 룬나이트 (전승)
4060,4,4,5,3,4,0,0,0,0,1,1,4,4,3,5,0,0,0,5,2,2,4,3,5,0,0,0,0,0,4,5,3,1,0,0,0,0,0,4,5,2,0,0,5,3,4,6,6,6,4,1,0,2,0,5,0,6,0,3,1
// 워록 (전승)
4061,4,4,5,0,0,5,4,2,0,0,0,4,5,0,3,0,0,3,5,2,0,0,4,3,3,0,0,5,2,0,6,0,0,1,4,4,0,0,5,2,4,0,0,4,4,0,2,0,0,4,5,3,6,2,4,0,3,2,5,4
// 레인져 (전승)
4062,5,4,4,2,0,0,2,5,4,0,0,3,3,3,0,0,5,2,0,0,4,3,5,0,0,1,1,0,0,5,2,3,0,0,0,4,4,4,2,0,0,0,2,5,2,0,0,0,4,2,6,5,0,4,2,0,3,6,5,2
// 아크비숍 (전승)
4063,4,0,3,0,5,0,4,4,0,3,3,0,0,5,5,0,0,1,1,0,0,4,0,1,0,2,2,1,0,0,0,4,0,3,0,5,0,2,2,4,4,0,0,5,3,1,0,0,4,5,6,2,3,1,4,0,3,6,5,4
// 미케닉 (전승)
4064,6,1,0,0,1,0,6,2,5,4,0,0,4,6,0,0,2,0,3,3,4,5,0,0,3,6,0,0,3,0,1,1,3,6,0,0,4,4,0,0,0,3,3,1,1,0,0,5,2,0,6,1,5,0,4,3,2,0,5,1
// 길로틴 크로스 (전승)
4065,2,5,0,1,1,0,0,0,1,2,5,0,0,3,3,1,0,0,3,1,0,0,2,2,5,0,0,4,4,1,3,0,0,0,2,5,5,0,0,0,4,3,2,2,0,0,0,4,5,5,6,1,2,3,0,4,0,1,6,2
// 로얄가드
4066,0,3,4,1,4,5,0,0,3,0,4,0,1,5,0,6,0,0,4,5,0,0,2,4,0,4,3,0,0,1,5,0,6,2,0,0,4,4,0,1,3,3,0,5,1,4,0,1,5,0,2,0,3,6,0,5,0,1,3,4
// 소서러
4067,4,4,5,3,4,0,0,0,0,1,1,4,4,3,5,0,0,0,5,2,2,4,3,5,0,0,0,0,0,4,5,3,1,0,0,0,0,0,4,5,2,0,0,5,3,4,6,6,6,4,5,0,1,0,2,0,3,0,5,4
// 민스트렐
4068,4,0,3,0,5,0,4,4,0,3,3,0,0,5,5,0,0,1,1,0,0,4,0,1,0,2,2,1,0,0,0,4,0,3,0,5,0,2,2,4,4,0,0,5,3,1,0,0,4,5,2,3,1,6,0,5,3,1,4,5
// 원더러
4069,5,4,4,2,0,0,2,5,4,0,0,3,3,3,0,0,5,2,0,0,4,3,5,0,0,1,1,0,0,5,2,3,0,0,0,4,4,4,2,0,0,0,2,5,2,0,0,0,4,2,1,3,5,0,6,4,0,3,2,5
// 수라
4070,2,5,0,1,1,0,0,0,1,2,5,0,0,3,3,1,0,0,3,1,0,0,2,2,5,0,0,4,4,1,3,0,0,0,2,5,5,0,0,0,4,3,2,2,0,0,0,4,5,5,1,0,2,4,6,3,0,5,1,4
// 제네릭
4071,4,4,5,0,0,5,4,2,0,0,0,4,5,0,3,0,0,3,5,2,0,0,4,3,3,0,0,5,2,0,6,0,0,1,4,4,0,0,5,2,4,0,0,4,4,0,2,0,0,4,1,3,5,0,2,1,3,6,5,4
// 쉐도우 체이서
4072,6,1,0,0,1,0,6,2,5,4,0,0,4,6,0,0,2,0,3,3,4,5,0,0,3,6,0,0,3,0,1,1,3,6,0,0,4,4,0,0,0,3,3,1,1,0,0,5,2,0,4,3,1,2,0,6,5,0,1,2
// 로얄가드 (전승)
4073,0,3,4,1,4,5,0,0,3,0,4,0,1,5,0,6,0,0,4,5,0,0,2,4,0,4,3,0,0,1,5,0,6,2,0,0,4,4,0,1,3,3,0,5,1,4,0,1,5,0,2,0,3,6,0,5,0,1,3,4
// 소서러 (전승)
4074,4,4,5,3,4,0,0,0,0,1,1,4,4,3,5,0,0,0,5,2,2,4,3,5,0,0,0,0,0,4,5,3,1,0,0,0,0,0,4,5,2,0,0,5,3,4,6,6,6,4,5,0,1,0,2,0,3,0,5,4
// 민스트렐 (전승)
4075,4,0,3,0,5,0,4,4,0,3,3,0,0,5,5,0,0,1,1,0,0,4,0,1,0,2,2,1,0,0,0,4,0,3,0,5,0,2,2,4,4,0,0,5,3,1,0,0,4,5,2,3,1,6,0,5,3,1,4,5
// 원더러 (전승)
4076,5,4,4,2,0,0,2,5,4,0,0,3,3,3,0,0,5,2,0,0,4,3,5,0,0,1,1,0,0,5,2,3,0,0,0,4,4,4,2,0,0,0,2,5,2,0,0,0,4,2,1,3,5,0,6,4,0,3,2,5
// 수라 (전승)
4077,2,5,0,1,1,0,0,0,1,2,5,0,0,3,3,1,0,0,3,1,0,0,2,2,5,0,0,4,4,1,3,0,0,0,2,5,5,0,0,0,4,3,2,2,0,0,0,4,5,5,1,0,2,4,6,3,0,5,1,4
// 제네릭 (전승)
4078,4,4,5,0,0,5,4,2,0,0,0,4,5,0,3,0,0,3,5,2,0,0,4,3,3,0,0,5,2,0,6,0,0,1,4,4,0,0,5,2,4,0,0,4,4,0,2,0,0,4,1,3,5,0,2,1,3,6,5,4
// 쉐도우 체이서 (전승)
4079,6,1,0,0,1,0,6,2,5,4,0,0,4,6,0,0,2,0,3,3,4,5,0,0,3,6,0,0,3,0,1,1,3,6,0,0,4,4,0,0,0,3,3,1,1,0,0,5,2,0,4,3,1,2,0,6,5,0,1,2
// 룬나이트 (드래곤)
4080,4,4,5,3,4,0,0,0,0,1,1,4,4,3,5,0,0,0,5,2,2,4,3,5,0,0,0,0,0,4,5,3,1,0,0,0,0,0,4,5,2,0,0,5,3,4,6,6,6,4,1,0,2,0,5,0,6,0,3,1
// 룬나이트 (드래곤) (전승)
4081,4,4,5,3,4,0,0,0,0,1,1,4,4,3,5,0,0,0,5,2,2,4,3,5,0,0,0,0,0,4,5,3,1,0,0,0,0,0,4,5,2,0,0,5,3,4,6,6,6,4,1,0,2,0,5,0,6,0,3,1
// 로얄가드 (그리폰)
4082,0,3,4,1,4,5,0,0,3,0,4,0,1,5,0,6,0,0,4,5,0,0,2,4,0,4,3,0,0,1,5,0,6,2,0,0,4,4,0,1,3,3,0,5,1,4,0,1,5,0,2,0,3,6,0,5,0,1,3,4
// 로얄가드 (그리폰) (전승)
4083,0,3,4,1,4,5,0,0,3,0,4,0,1,5,0,6,0,0,4,5,0,0,2,4,0,4,3,0,0,1,5,0,6,2,0,0,4,4,0,1,3,3,0,5,1,4,0,1,5,0,2,0,3,6,0,5,0,1,3,4
// 레인져 (워그)
4084,5,4,4,2,0,0,2,5,4,0,0,3,3,3,0,0,5,2,0,0,4,3,5,0,0,1,1,0,0,5,2,3,0,0,0,4,4,4,2,0,0,0,2,5,2,0,0,0,4,2,6,5,0,4,2,0,3,6,5,2
// 레인져 (워그) (전승)
4085,5,4,4,2,0,0,2,5,4,0,0,3,3,3,0,0,5,2,0,0,4,3,5,0,0,1,1,0,0,5,2,3,0,0,0,4,4,4,2,0,0,0,2,5,2,0,0,0,4,2,6,5,0,4,2,0,3,6,5,2
// 미케닉 (마도)
4086,6,1,0,0,1,0,6,2,5,4,0,0,4,6,0,0,2,0,3,3,4,5,0,0,3,6,0,0,3,0,1,1,3,6,0,0,4,4,0,0,0,3,3,1,1,0,0,5,2,0,6,1,5,0,4,3,2,0,5,1
// 미케닉 (마도) (전승)
4087,6,1,0,0,1,0,6,2,5,4,0,0,4,6,0,0,2,0,3,3,4,5,0,0,3,6,0,0,3,0,1,1,3,6,0,0,4,4,0,0,0,3,3,1,1,0,0,5,2,0,6,1,5,0,4,3,2,0,5,1
// 베이비룬나이트
4096,4,4,5,3,4,0,0,0,0,1,1,4,4,3,5,0,0,0,5,2,2,4,3,5,0,0,0,0,0,4,5,3,1,0,0,0,0,0,4,5,2,0,0,5,3,4,6,6,6,4,1,0,2,0,5,0,6,0,3,1
// 베이비워록
4097,4,4,5,0,0,5,4,2,0,0,0,4,5,0,3,0,0,3,5,2,0,0,4,3,3,0,0,5,2,0,6,0,0,1,4,4,0,0,5,2,4,0,0,4,4,0,2,0,0,4,5,3,6,2,4,0,3,2,5,4
// 베이비레인져
4098,5,4,4,2,0,0,2,5,4,0,0,3,3,3,0,0,5,2,0,0,4,3,5,0,0,1,1,0,0,5,2,3,0,0,0,4,4,4,2,0,0,0,2,5,2,0,0,0,4,2,6,5,0,4,2,0,3,6,5,2
// 베이비아크비숍
4099,4,0,3,0,5,0,4,4,0,3,3,0,0,5,5,0,0,1,1,0,0,4,0,1,0,2,2,1,0,0,0,4,0,3,0,5,0,2,2,4,4,0,0,5,3,1,0,0,4,5,6,2,3,1,4,0,3,6,5,4
// 베이비미케닉
4100,6,1,0,0,1,0,6,2,5,4,0,0,4,6,0,0,2,0,3,3,4,5,0,0,3,6,0,0,3,0,1,1,3,6,0,0,4,4,0,0,0,3,3,1,1,0,0,5,2,0,6,1,5,0,4,3,2,0,5,1
// 베이비길로틴크로스
4101,2,5,0,1,1,0,0,0,1,2,5,0,0,3,3,1,0,0,3,1,0,0,2,2,5,0,0,4,4,1,3,0,0,0,2,5,5,0,0,0,4,3,2,2,0,0,0,4,5,5,6,1,2,3,0,4,0,1,6,2
// 베이비로얄가드
4102,0,3,4,1,4,5,0,0,3,0,4,0,1,5,0,6,0,0,4,5,0,0,2,4,0,4,3,0,0,1,5,0,6,2,0,0,4,4,0,1,3,3,0,5,1,4,0,1,5,0,2,0,3,6,0,5,0,1,3,4
// 베이비소서러
4103,4,4,5,3,4,0,0,0,0,1,1,4,4,3,5,0,0,0,5,2,2,4,3,5,0,0,0,0,0,4,5,3,1,0,0,0,0,0,4,5,2,0,0,5,3,4,6,6,6,4,5,0,1,0,2,0,3,0,5,4
// 베이비민스트렐
4104,4,0,3,0,5,0,4,4,0,3,3,0,0,5,5,0,0,1,1,0,0,4,0,1,0,2,2,1,0,0,0,4,0,3,0,5,0,2,2,4,4,0,0,5,3,1,0,0,4,5,2,3,1,6,0,5,3,1,4,5
// 베이비원더러
4105,5,4,4,2,0,0,2,5,4,0,0,3,3,3,0,0,5,2,0,0,4,3,5,0,0,1,1,0,0,5,2,3,0,0,0,4,4,4,2,0,0,0,2,5,2,0,0,0,4,2,1,3,5,0,6,4,0,3,2,5
// 베이비수라
4106,2,5,0,1,1,0,0,0,1,2,5,0,0,3,3,1,0,0,3,1,0,0,2,2,5,0,0,4,4,1,3,0,0,0,2,5,5,0,0,0,4,3,2,2,0,0,0,4,5,5,1,0,2,4,6,3,0,5,1,4
// 베이비제네릭
4107,4,4,5,0,0,5,4,2,0,0,0,4,5,0,3,0,0,3,5,2,0,0,4,3,3,0,0,5,2,0,6,0,0,1,4,4,0,0,5,2,4,0,0,4,4,0,2,0,0,4,1,3,5,0,2,1,3,6,5,4
// 베이비쉐도우 체이서
4108,6,1,0,0,1,0,6,2,5,4,0,0,4,6,0,0,2,0,3,3,4,5,0,0,3,6,0,0,3,0,1,1,3,6,0,0,4,4,0,0,0,3,3,1,1,0,0,5,2,0,4,3,1,2,0,6,5,0,1,2
// 베이비룬나이트 (드래곤)
4109,4,4,5,3,4,0,0,0,0,1,1,4,4,3,5,0,0,0,5,2,2,4,3,5,0,0,0,0,0,4,5,3,1,0,0,0,0,0,4,5,2,0,0,5,3,4,6,6,6,4,1,0,2,0,5,0,6,0,3,1
// 베이비로얄가드 (그리폰)
4110,0,3,4,1,4,5,0,0,3,0,4,0,1,5,0,6,0,0,4,5,0,0,2,4,0,4,3,0,0,1,5,0,6,2,0,0,4,4,0,1,3,3,0,5,1,4,0,1,5,0,2,0,3,6,0,5,0,1,3,4
// 베이비레인져 (워그)
4111,5,4,4,2,0,0,2,5,4,0,0,3,3,3,0,0,5,2,0,0,4,3,5,0,0,1,1,0,0,5,2,3,0,0,0,4,4,4,2,0,0,0,2,5,2,0,0,0,4,2,6,5,0,4,2,0,3,6,5,2
// 베이비미케닉 (마도)
4112,6,1,0,0,1,0,6,2,5,4,0,0,4,6,0,0,2,0,3,3,4,5,0,0,3,6,0,0,3,0,1,1,3,6,0,0,4,4,0,0,0,3,3,1,1,0,0,5,2,0,6,1,5,0,4,3,2,0,5,1
// 슈퍼 노비스 (확장)
4190,1,2,0,3,0,4,5,0,6,0,1,2,0,3,0,4,5,0,6,0,1,2,0,3,0,4,5,0,6,0,1,2,0,3,0,4,5,0,6,0,1,2,0,3,0,4,5,0,6,0
// 슈퍼 베이비 (확장)
4191,1,2,0,3,0,4,5,0,6,0,1,2,0,3,0,4,5,0,6,0,1,2,0,3,0,4,5,0,6,0,1,2,0,3,0,4,5,0,6,0,1,2,0,3,0,4,5,0,6,0
// 카게로우
4211,5,0,4,0,2,3,0,1,6,0,5,1,2,0,4,6,3,0,1,5,2,0,6,3,4,0,5,0,2,0,1,4,0,5,4,0,3,5,1,0,2,4,1,0,5,6,2,1,0,5
// 오보로
4212,5,0,4,0,2,3,0,1,6,0,5,1,2,0,4,6,3,0,1,5,2,0,6,3,4,0,5,0,2,0,1,4,0,5,4,0,3,5,1,0,2,4,1,0,5,6,2,1,0,5
// 리벨리온
4215,0,5,0,4,0,3,5,4,2,6,0,0,3,4,0,2,5,4,3,6,0,0,3,5,1,4,2,0,0,6,3,0,5,4,1,0,0,5,0,2,6,0,5,3,4,0,0,0,0,1
// Summoner
4218,5,0,3,0,5,3,0,2,4,0,2,4,5,0,2,4,5,0,2,4,5,0,6,3,5,0,2,0,6,0,4,5,0,6,0,4,6,0,2,0,5,4,3,0,5,6,3,2,0,5
// Baby Summoner
4220,5,0,3,0,5,3,0,2,4,0,2,4,5,0,2,4,5,0,2,4,5,0,6,3,5,0,2,0,6,0,4,5,0,6,0,4,6,0,2,0,5,4,3,0,5,6,3,2,0,5
// Baby Ninja
4222,2,2,0,0,0,0,0,0,0,5,2,0,0,0,0,0,0,0,0,4,2,5,0,0,0,0,0,0,4,6,2,5,0,0,0,0,0,0,0,6,2,4,5,0,0,0,0,0,0,4,2,6,5,0,0,0,0,0,1,3,2,4,5,6,0,0,0,0,0,0
// Baby Kagerou
4223,5,0,4,0,2,3,0,1,6,0,5,1,2,0,4,6,3,0,1,5,2,0,6,3,4,0,5,0,2,0,1,4,0,5,4,0,3,5,1,0,2,4,1,0,5,6,2,1,0,5
// Baby Oboro
4224,5,0,4,0,2,3,0,1,6,0,5,1,2,0,4,6,3,0,1,5,2,0,6,3,4,0,5,0,2,0,1,4,0,5,4,0,3,5,1,0,2,4,1,0,5,6,2,1,0,5
// Baby Taekwon
4225,1,1,1,1,1,1,0,0,0,5,5,5,5,5,5,0,0,0,0,2,2,2,2,2,2,0,0,0,0,0,0,0,0,0,0,0,0,0,0,0,0,0,0,0,0,0,0,0,0,0
// Baby Star Gladiator
4226,1,1,1,1,1,1,1,1,1,1,1,1,0,0,0,0,0,0,0,5,5,5,5,5,5,0,0,0,0,0,0,0,0,0,0,0,0,0,2,2,2,2,2,2,2,2,2,2,2,2
// Baby Soul Linker
4227,4,4,4,4,4,4,4,4,4,4,4,4,0,0,0,0,0,0,0,3,3,3,3,3,3,0,0,0,0,0,0,0,0,0,0,0,0,0,5,5,5,5,5,5,5,5,5,5,5,5
// Baby Gunslinger
4228,5,6,0,6,0,5,0,0,0,0,5,6,0,0,0,0,5,0,0,0,6,0,0,0,5,0,0,0,0,0,6,1,0,0,5,0,0,0,0,0,1,0,0,0,5,0,0,0,0,1,6,4,0,0,5,0,0,0,2,3,4,5,6,1,0,0,0,0,0,0
// Baby Rebellion
4229,0,5,0,4,0,3,5,4,2,6,0,0,3,4,0,2,5,4,3,6,0,0,3,5,1,4,2,0,0,6,3,0,5,4,1,0,0,5,0,2,6,0,5,3,4,0,0,0,0,1
// Baby Star Gladiator (Union)
4238,1,1,1,1,1,1,1,1,1,1,1,1,0,0,0,0,0,0,0,5,5,5,5,5,5,0,0,0,0,0,0,0,0,0,0,0,0,0,2,2,2,2,2,2,2,2,2,2,2,2
