// Mercenary Database
//
// Structure of Database:
// ID,Sprite_Name,Name,LV,HP,SP,Range1,ATK1,ATK2,DEF,MDEF,STR,AGI,VIT,INT,DEX,LUK,Range2,Range3,Scale,Race,Element,Speed,aDelay,aMotion,dMotion

// Monster Mercenaries
1191,MIMIC,미믹,51,6120,187,2,150,900,10,40,44,121,1,60,75,110,10,12,1,0,60,100,972,500,288
1506,DISGUISE,디스가이즈,55,7543,180,2,279,546,18,29,0,72,45,35,48,65,10,12,1,6,82,147,516,768,384
1275,ALICE,엘리스,62,10000,221,2,550,700,5,5,64,64,42,85,100,130,10,12,1,7,60,200,502,2304,480
1965,M_WILD_ROSE,와일드 로즈,38,2980,130,2,315,360,0,15,65,85,15,35,65,80,10,12,0,2,24,100,964,864,288
1966,M_DOPPELGANGER,도플갱어,72,7800,200,2,1340,1590,60,35,88,90,30,35,125,65,10,12,1,6,67,100,480,480,288
1967,M_YGNIZEM,이그니젬 세니아,58,11200,320,2,823,1212,35,8,60,35,52,18,79,20,10,12,1,7,43,145,576,432,288
2000,M_GAMEMASTER,[GM]Game_Master,50,7000,250,2,100,50,6,17,1,109,1,60,215,111,10,0,0,7,20,150,450,432,300
2001,F_GAMEMASTER,[GM]Game_Master,50,7000,250,2,100,50,6,17,1,109,1,60,215,111,10,0,0,7,20,150,450,432,300
2034,M_DESERT_WOLF_B,Baby Desert Wolf,9,164,15,1,500,600,0,0,1,9,9,5,40,40,10,12,0,2,23,100,1600,900,240
2037,VALKYRIE_A,발키리 란드그리스,90,5000,15,1,10,160,10,20,1,20,40,0,20,20,10,12,1,8,66,100,576,576,480
2038,VALKYRIE_B,발키리 란그드리스,90,10000,15,1,300,450,10,40,1,20,80,0,80,20,10,12,1,8,66,100,576,576,480
2058,M_MIMIC,미믹,51,6120,182,1,800,950,10,40,44,121,1,60,75,110,10,12,1,0,60,100,972,500,288
2059,M_DISGUISE,디스가이즈,55,7543,180,2,526,693,18,29,0,72,45,35,48,65,10,12,1,6,82,147,516,768,384
2060,M_ALICE,엘리스,62,10000,221,1,700,850,5,5,64,64,42,85,100,130,10,12,1,7,60,200,502,1999,480
2213,M_WANDER_MAN,배회하는 자,81,8614,220,2,1100,1300,60,20,80,110,63,51,85,90,10,12,1,6,24,100,672,500,192
2214,M_WICKED_NYMPH,요선녀,85,6157,256,2,420,620,30,45,40,50,40,92,60,110,10,12,1,6,67,200,637,1008,360
2215,M_KASA,카사,83,9815,234,2,1100,1300,60,60,85,90,71,43,85,105,10,12,2,0,63,150,800,600,288
2216,M_SALAMANDER,살라만다,87,9517,260,2,900,1100,60,68,90,80,65,45,87,95,10,12,2,0,63,160,140,384,288
2217,M_TEDDY_BEAR,테디 베어,85,14493,243,1,600,800,100,70,60,20,85,50,75,130,10,12,0,0,60,200,512,780,504
2325,M_BAPHOMET_,바포메트,57,7510,204,1,810,955,70,40,52,60,36,17,57,25,10,12,0,6,27,100,868,480,120
2326,M_GALAPAGO,갈라파고,45,7513,201,1,760,915,70,40,30,28,29,18,30,16,10,12,0,2,22,165,1430,1080,1080
2342,MER_DIABOLIC,디아볼릭,83,9815,234,2,1100,1300,60,60,85,90,71,43,85,105,10,12,0,6,47,150,1080,780,180
2344,MER_WISH_MAIDEN,위시 메이든,83,9815,234,2,1100,1300,60,60,85,90,71,43,85,105,10,12,0,6,47,150,1080,780,180
2345,MER_ZHERLTHSH,지르타스,83,9815,234,2,1100,1300,60,60,85,90,71,43,85,105,10,12,0,6,47,150,1080,780,180
2346,MER_KTULLANUX,크툴라낙스,83,9815,234,2,1100,1300,60,60,85,90,71,43,85,105,10,12,0,6,47,150,1080,780,180
2347,MER_EDDGA,에드가,83,9815,234,2,1100,1300,60,60,85,90,71,43,85,105,10,12,0,6,47,150,1080,780,180
2348,MER_CIVIL_SERVANT,묘괴,83,9815,234,2,1100,1300,60,60,85,90,71,43,85,105,10,12,0,6,47,150,1080,780,180
2349,MER_LOLI_RURI,로리 루리,83,9815,234,2,1100,1300,60,60,85,90,71,43,85,105,10,12,0,6,47,150,1080,780,180
2350,MER_SEDORA,세도라,83,9815,234,2,1100,1300,60,60,85,90,71,43,85,105,10,12,0,6,47,150,1080,780,180
2351,MER_CHEPET,체펫트,83,9815,234,2,1100,1300,60,60,85,90,71,43,85,105,10,12,0,6,47,150,1080,780,180
2378,MER_ANTLER_SCARABA,사슴뿔 스카라바,136,30000,1,1,1418,1828,155,102,23,99,59,129,137,45,10,12,1,4,42,200,504,624,360
2937,M_LOKI,Loki,145,1215600,1,2,1835,2279,15,89,76,66,90,55,189,22,10,12,1,7,20,175,1956,756,528
3087,M_NYDHOG,Guardian's Alter Ego,160,215000,1,2,1835,2279,15,89,76,66,90,55,189,22,10,12,1,7,20,175,200,600,0

// Normal Mercenaries
6017,MER_ARCHER01,미나,20,256,200,10,170,85,7,5,1,16,5,1,28,8,10,0,0,7,20,150,700,432,300
6018,MER_ARCHER02,도로루,30,457,70,10,228,114,11,7,1,18,8,1,40,11,10,0,0,7,20,150,700,432,300
6019,MER_ARCHER03,나미,40,732,93,10,260,130,15,9,3,21,12,4,52,17,10,0,0,7,20,150,700,432,300
6020,MER_ARCHER04,엘핌,50,1092,116,10,310,155,18,11,5,33,17,6,60,23,10,0,0,7,20,150,575,432,300
6021,MER_ARCHER05,클라라,60,2212,280,10,360,180,20,13,5,41,17,12,75,30,10,0,0,7,20,150,575,432,300
6022,MER_ARCHER06,달리,70,3098,353,10,424,212,21,15,11,46,24,22,83,37,10,0,0,7,20,150,575,432,300
6023,MER_ARCHER07,카라야,80,4051,415,10,468,234,22,16,14,55,27,26,91,44,10,0,0,7,20,150,450,432,300
6024,MER_ARCHER08,히요리,90,5039,469,10,482,241,24,18,19,65,27,27,103,49,10,0,0,7,20,150,450,432,300
6025,MER_ARCHER09,케로,95,5572,499,10,500,250,25,20,20,71,27,28,110,51,10,0,0,7,20,150,450,432,300
6026,MER_ARCHER10,수키,99,7381,642,10,816,308,49,49,21,83,27,28,123,52,10,0,0,7,20,150,450,432,300
6027,MER_LANCER01,로딘,22,2071,100,2,168,84,30,1,27,1,4,1,30,2,10,0,0,7,20,150,700,432,300
6028,MER_LANCER02,랜서,34,2523,131,2,208,104,33,1,37,1,4,1,37,4,10,0,0,7,20,150,700,432,300
6029,MER_LANCER03,이루가,41,3397,161,2,248,124,36,5,45,1,22,1,40,6,10,0,0,7,20,150,700,432,300
6030,MER_LANCER04,로안,55,4580,191,2,300,150,39,5,55,2,35,1,50,8,10,0,0,7,20,150,575,432,300
6031,MER_LANCER05,오리자로,60,5899,221,2,350,160,42,10,65,2,39,1,60,10,10,0,0,7,20,150,575,432,300
6032,MER_LANCER06,라테르트,72,7874,252,2,370,185,46,10,75,3,15,77,61,12,10,0,0,7,20,150,575,432,300
6033,MER_LANCER07,판,81,10260,330,2,380,190,50,15,85,3,63,20,61,14,10,0,0,7,20,150,450,432,300
6034,MER_LANCER08,피나카,90,13167,366,2,400,200,55,20,95,20,74,20,63,16,10,0,0,7,20,150,450,432,300
6035,MER_LANCER09,쿠흘린,95,14648,398,2,440,220,60,25,100,25,77,25,63,18,10,0,0,7,20,150,450,432,300
6036,MER_LANCER10,루,99,18000,413,2,700,250,70,30,120,30,90,30,70,30,10,0,0,7,20,150,450,432,300
6037,MER_SWORDMAN01,데이빗,20,502,70,2,174,87,26,0,21,27,5,1,30,3,10,0,0,7,20,150,700,432,300
6038,MER_SWORDMAN02,엘런,30,979,99,2,258,129,31,0,26,38,6,1,35,3,10,0,0,7,20,150,700,432,300
6039,MER_SWORDMAN03,루이스,40,1555,134,2,326,163,36,3,31,45,7,6,40,6,10,0,0,7,20,150,700,432,300
6040,MER_SWORDMAN04,프랭크,50,2397,162,2,382,191,39,5,37,59,8,6,40,6,10,0,0,7,20,150,575,432,300
6041,MER_SWORDMAN05,라이언,60,3387,195,2,406,203,42,7,48,68,9,6,45,9,10,0,0,7,20,150,575,432,300
6042,MER_SWORDMAN06,파올로,70,4495,241,2,436,218,45,12,53,79,10,12,50,9,10,0,0,7,20,150,575,432,300
6043,MER_SWORDMAN07,옌스,80,5889,279,2,468,234,47,15,59,88,11,12,55,12,10,0,0,7,20,150,450,432,300
6044,MER_SWORDMAN08,티에리,90,7520,325,2,500,250,49,18,70,95,12,18,60,15,10,0,0,7,20,150,450,432,300
6045,MER_SWORDMAN09,스티븐,95,9052,348,2,524,262,51,22,80,95,18,18,60,15,10,0,0,7,20,150,450,432,300
6046,MER_SWORDMAN10,웨인,99,12355,451,2,760,280,64,30,99,105,30,30,60,30,10,0,0,7,20,150,450,432,300
