// Skill Requirements Database
//
// Structure of Database:
// SkillID,HPCost,MaxHPTrigger,SPCost,HPRateCost,SPRateCost,ZenyCost,RequiredWeapons,RequiredAmmoTypes,RequiredAmmoAmount,RequiredState,RequiredStatuses,SpiritSphereCost,RequiredItemID1,RequiredItemAmount1,RequiredItemID2,RequiredItemAmount2,RequiredItemID3,RequiredItemAmount3,RequiredItemID4,RequiredItemAmount4,RequiredItemID5,RequiredItemAmount5,RequiredItemID6,RequiredItemAmount6,RequiredItemID7,RequiredItemAmount7,RequiredItemID8,RequiredItemAmount8,RequiredItemID9,RequiredItemAmount9,RequiredItemID10,RequiredItemAmount10,RequiredEquipment
//
// If HP/SPratecost is positive, it is a percent of your current life, otherwise it is a percent of your max life.
//
// Legend for 'RequiredState' field:
//  none = Nothing special
//  hidden = Requires on hidden status by using Hiding, Cloaking, or maybe Chasewalk
//  riding = Requires to ride either a peco or a dragon
//  falcon = Requires a Falcon
//  cart = Requires a Pushcart
//  shield = Requires a 0,shield equipped
//  recover_weight_rate = Requires to be less than 50% weight
//  move_enable = Requires to be able to move
//  water = Requires to be standing on a water cell
//  dragon = Requires to ride a Dragon
//  warg = Requires a Warg
//  ridingwarg = Requires to ride a Warg
//  mado = Requires to have an active mado
//  elementalspirit = Requires to have an Elemental Spirit summoned.
//  elementalspirit2 = Requires to have an Elemental Spirit summoned, and will be removed.
//  peco = Requires riding a peco
//
// 'RequiredStatuses'
//	Fill the value only with SC_STATUS (see db/const.txt for more details)
//	Usage for multiple status requirements: SC_STATUS1:SC_STATUS2:SC_STATUS3
//	Max. multiple value is 3 (skill.h: MAX_SKILL_STATUS_REQUIRE)
//	Use any number or SC_ALL will disable status requirements
// 'RequiredEquipment'
//	Specified equipment to be equipped. For multiple values, use : as delimiter.
//	Max. multiple value is 10 (skill.h: MAX_SKILL_EQUIP_REQUIRE)

//****
// SM Swordman
5,0,0,8:8:8:8:8:15:15:15:15:15,0,0,0,0:1:2:3:4:5:6:7:8:9:10:12:13:14:15:16:17:18:19:20:21:22,0,0,none,0,0,0,0,0,0,0,0,0,0,0,0,0,0,0,0,0,0,0,0,0,0,0	//SM_BASH#배쉬#
6,0,0,4:5:6:7:8:9:10:11:12:13,0,0,0,99,0,0,none,0,0,0,0,0,0,0,0,0,0,0,0,0,0,0,0,0,0,0,0,0,0,0	//SM_PROVOKE#프로보크#
7,20:20:19:19:18:18:17:17:16:16,0,30,0,0,0,99,0,0,none,0,0,0,0,0,0,0,0,0,0,0,0,0,0,0,0,0,0,0,0,0,0,0	//SM_MAGNUM#매그넘 브레이크#
8,0,0,10,0,0,0,99,0,0,none,0,0,0,0,0,0,0,0,0,0,0,0,0,0,0,0,0,0,0,0,0,0,0	//SM_ENDURE#인듀어#

//****
// MG Mage
10,0,0,10,0,0,0,99,0,0,none,0,0,0,0,0,0,0,0,0,0,0,0,0,0,0,0,0,0,0,0,0,0,0	//MG_SIGHT#사이트#
11,0,0,9:9:9:12:12:12:15:15:15:18,0,0,0,99,0,0,none,0,0,0,0,0,0,0,0,0,0,0,0,0,0,0,0,0,0,0,0,0,0,0	//MG_NAPALMBEAT#네이팜 비트#
12,0,0,30:30:30:35:35:35:40:40:40:40,0,0,0,99,0,0,none,0,0,717,1,0,0,0,0,0,0,0,0,0,0,0,0,0,0,0,0,0,0,0	//MG_SAFETYWALL#세이프티 월#
13,0,0,18:14:24:20:30:26:36:32:42:38,0,0,0,99,0,0,none,0,0,0,0,0,0,0,0,0,0,0,0,0,0,0,0,0,0,0,0,0,0,0	//MG_SOULSTRIKE#소울 스트라이크#
14,0,0,12:14:16:18:20:22:24:26:28:30,0,0,0,99,0,0,none,0,0,0,0,0,0,0,0,0,0,0,0,0,0,0,0,0,0,0,0,0,0,0	//MG_COLDBOLT#콜드볼트#
15,0,0,25:24:23:22:21:20:19:18:17:16,0,0,0,99,0,0,none,0,0,0,0,0,0,0,0,0,0,0,0,0,0,0,0,0,0,0,0,0,0,0	//MG_FROSTDIVER#프로스트 다이버#
16,0,0,25:24:23:22:21:20:19:18:17:16,0,0,0,99,0,0,none,0,0,716,1,0,0,0,0,0,0,0,0,0,0,0,0,0,0,0,0,0,0,0	//MG_STONECURSE#스톤 커스#
17,0,0,25,0,0,0,99,0,0,none,0,0,0,0,0,0,0,0,0,0,0,0,0,0,0,0,0,0,0,0,0,0,0	//MG_FIREBALL#화이어 볼#
18,0,0,40,0,0,0,99,0,0,none,0,0,0,0,0,0,0,0,0,0,0,0,0,0,0,0,0,0,0,0,0,0,0	//MG_FIREWALL#화이어 월#
19,0,0,12:14:16:18:20:22:24:26:28:30,0,0,0,99,0,0,none,0,0,0,0,0,0,0,0,0,0,0,0,0,0,0,0,0,0,0,0,0,0,0	//MG_FIREBOLT#화이어 볼트#
20,0,0,12:14:16:18:20:22:24:26:28:30,0,0,0,99,0,0,none,0,0,0,0,0,0,0,0,0,0,0,0,0,0,0,0,0,0,0,0,0,0,0	//MG_LIGHTNINGBOLT#라이트닝 볼트#
21,0,0,29:34:39:44:49:54:59:64:69:74,0,0,0,99,0,0,none,0,0,0,0,0,0,0,0,0,0,0,0,0,0,0,0,0,0,0,0,0,0,0	//MG_THUNDERSTORM#선더스톰#

//****
// AL Acolyte
24,0,0,10,0,0,0,99,0,0,none,0,0,0,0,0,0,0,0,0,0,0,0,0,0,0,0,0,0,0,0,0,0,0	//AL_RUWACH#루아흐#
25,0,0,10,0,0,0,99,0,0,none,0,0,0,0,0,0,0,0,0,0,0,0,0,0,0,0,0,0,0,0,0,0,0	//AL_PNEUMA#흐뉴마#
26,0,0,10:9,0,0,0,99,0,0,none,0,0,0,0,0,0,0,0,0,0,0,0,0,0,0,0,0,0,0,0,0,0,0	//AL_TELEPORT#텔레포테이션#
27,0,0,35:32:29:26,0,0,0,99,0,0,none,0,0,717,1,0,0,0,0,0,0,0,0,0,0,0,0,0,0,0,0,0,0,0	//AL_WARP#워프 포탈#
28,0,0,13:16:19:22:25:28:31:34:37:40,0,0,0,99,0,0,none,0,0,0,0,0,0,0,0,0,0,0,0,0,0,0,0,0,0,0,0,0,0,0	//AL_HEAL#힐#
29,15,0,18:21:24:27:30:33:36:39:42:45,0,0,0,99,0,0,none,0,0,0,0,0,0,0,0,0,0,0,0,0,0,0,0,0,0,0,0,0,0,0	//AL_INCAGI#민첩성 증가#
30,0,0,15:17:19:21:23:25:27:29:31:33,0,0,0,99,0,0,none,0,0,0,0,0,0,0,0,0,0,0,0,0,0,0,0,0,0,0,0,0,0,0	//AL_DECAGI#민첩성 감소#
31,0,0,10,0,0,0,99,0,0,water,0,0,0,0,0,0,0,0,0,0,0,0,0,0,0,0,0,0,0,0,0,0,0	//AL_HOLYWATER#아쿠아 베네딕타#
32,0,0,35,0,0,0,99,0,0,none,0,0,0,0,0,0,0,0,0,0,0,0,0,0,0,0,0,0,0,0,0,0,0	//AL_CRUCIS#시그넘 크루시스#
33,0,0,23:26:29:32:35:38:41:44:47:50,0,0,0,99,0,0,none,0,0,0,0,0,0,0,0,0,0,0,0,0,0,0,0,0,0,0,0,0,0,0	//AL_ANGELUS#안젤루스#
34,0,0,28:32:36:40:44:48:52:56:60:64,0,0,0,99,0,0,none,0,0,0,0,0,0,0,0,0,0,0,0,0,0,0,0,0,0,0,0,0,0,0	//AL_BLESSING#블레싱#
35,0,0,15,0,0,0,99,0,0,none,0,0,0,0,0,0,0,0,0,0,0,0,0,0,0,0,0,0,0,0,0,0,0	//AL_CURE#큐어#

//****
// MC Merchant
40,0,0,10,0,0,0,99,0,0,none,0,0,0,0,0,0,0,0,0,0,0,0,0,0,0,0,0,0,0,0,0,0,0	//MC_IDENTIFY#아이템 감정#
41,0,0,30,0,0,0,99,0,0,cart,0,0,0,0,0,0,0,0,0,0,0,0,0,0,0,0,0,0,0,0,0,0,0	//MC_VENDING#노점개설#
42,0,0,5,0,0,100:200:300:400:500:600:700:800:900:1000,99,0,0,none,0,0,0,0,0,0,0,0,0,0,0,0,0,0,0,0,0,0,0,0,0,0,0	//MC_MAMMONITE#매머나이트#

//****
// AC Archer
45,0,0,25:30:35:40:45:50:55:60:65:70,0,0,0,99,0,0,none,0,0,0,0,0,0,0,0,0,0,0,0,0,0,0,0,0,0,0,0,0,0,0	//AC_CONCENTRATION#집중력 향상#
46,0,0,12,0,0,0,11,1,1,none,0,0,0,0,0,0,0,0,0,0,0,0,0,0,0,0,0,0,0,0,0,0,0	//AC_DOUBLE#더블 스트레이핑#
47,0,0,15,0,0,0,11,1,1,none,0,0,0,0,0,0,0,0,0,0,0,0,0,0,0,0,0,0,0,0,0,0,0	//AC_SHOWER#애로우 샤워#

//****
// TF Thief
50,0,0,10,0,0,0,99,0,0,none,0,0,0,0,0,0,0,0,0,0,0,0,0,0,0,0,0,0,0,0,0,0,0	//TF_STEAL#스틸#
51,0,0,10,0,0,0,99,0,0,none,0,0,0,0,0,0,0,0,0,0,0,0,0,0,0,0,0,0,0,0,0,0,0	//TF_HIDING#하이딩#
52,0,0,12,0,0,0,99,0,0,none,0,0,0,0,0,0,0,0,0,0,0,0,0,0,0,0,0,0,0,0,0,0,0	//TF_POISON#인베넘#
53,0,0,10,0,0,0,99,0,0,none,0,0,0,0,0,0,0,0,0,0,0,0,0,0,0,0,0,0,0,0,0,0,0	//TF_DETOXIFY#해독#

54,0,0,60,0,0,0,99,0,0,none,0,0,717,1,0,0,0,0,0,0,0,0,0,0,0,0,0,0,0,0,0,0,0	//ALL_RESURRECTION#리저렉션#

//****
// KN Knight
56,0,0,7,0,0,0,4:5,0,0,none,0,0,0,0,0,0,0,0,0,0,0,0,0,0,0,0,0,0,0,0,0,0,0	//KN_PIERCE#피어스#
57,0,0,12,0,0,0,4:5,0,0,riding,0,0,0,0,0,0,0,0,0,0,0,0,0,0,0,0,0,0,0,0,0,0,0	//KN_BRANDISHSPEAR#브랜디쉬 스피어#
58,0,0,9,0,0,0,4:5,0,0,none,0,0,0,0,0,0,0,0,0,0,0,0,0,0,0,0,0,0,0,0,0,0,0	//KN_SPEARSTAB#스피어 스탭#
59,0,0,10,0,0,0,4:5,0,0,none,0,0,0,0,0,0,0,0,0,0,0,0,0,0,0,0,0,0,0,0,0,0,0	//KN_SPEARBOOMERANG#스피어 부메랑#
60,0,0,14:18:22:26:30:34:38:42:46:50,0,0,0,3,0,0,none,0,0,0,0,0,0,0,0,0,0,0,0,0,0,0,0,0,0,0,0,0,0,0	//KN_TWOHANDQUICKEN#투핸드 퀴큰#
61,0,0,3,0,0,0,0:1:2:3:4:5:6:7:8:9:10:12:13:14:15:16:17:18:19:20:21:22,0,0,none,0,0,0,0,0,0,0,0,0,0,0,0,0,0,0,0,0,0,0,0,0,0,0	//KN_AUTOCOUNTER#오토 카운터#
62,0,0,13:14:15:16:17:18:19:20:21:22,0,0,0,99,0,0,none,0,0,0,0,0,0,0,0,0,0,0,0,0,0,0,0,0,0,0,0,0,0,0	//KN_BOWLINGBASH#볼링 배쉬#

//****
// PR Priest
66,0,0,13:16:19:22:25,0,0,0,99,0,0,none,0,0,0,0,0,0,0,0,0,0,0,0,0,0,0,0,0,0,0,0,0,0,0	//PR_IMPOSITIO#임포시티오 마누스#
67,0,0,8,0,0,0,99,0,0,none,0,0,0,0,0,0,0,0,0,0,0,0,0,0,0,0,0,0,0,0,0,0,0	//PR_SUFFRAGIUM#수프라기움#
68,0,0,14:18:22:26:30,0,0,0,99,0,0,none,0,0,523,1,0,0,0,0,0,0,0,0,0,0,0,0,0,0,0,0,0,0,0	//PR_ASPERSIO#아스페르시오#
69,0,0,20,0,0,0,99,0,0,none,0,0,0,0,0,0,0,0,0,0,0,0,0,0,0,0,0,0,0,0,0,0,0	//PR_BENEDICTIO#성체강복#
70,0,0,15:18:21:24:27:30:33:36:39:42,0,0,0,99,0,0,none,0,0,717,1,0,0,0,0,0,0,0,0,0,0,0,0,0,0,0,0,0,0,0	//PR_SANCTUARY#생츄어리#
71,0,0,6:8:10:12,0,0,0,99,0,0,none,0,0,0,0,0,0,0,0,0,0,0,0,0,0,0,0,0,0,0,0,0,0,0	//PR_SLOWPOISON#슬로우 포이즌#
72,0,0,5,0,0,0,99,0,0,none,0,0,0,0,0,0,0,0,0,0,0,0,0,0,0,0,0,0,0,0,0,0,0	//PR_STRECOVERY#리커버리 #
73,0,0,20:20:20:25:25:25:30:30:30:35,0,0,0,99,0,0,none,0,0,0,0,0,0,0,0,0,0,0,0,0,0,0,0,0,0,0,0,0,0,0	//PR_KYRIE#기리에 엘레이손#
74,0,0,40,0,0,0,99,0,0,none,0,0,0,0,0,0,0,0,0,0,0,0,0,0,0,0,0,0,0,0,0,0,0	//PR_MAGNIFICAT#마니피캇#
75,0,0,20,0,0,0,99,0,0,none,0,0,0,0,0,0,0,0,0,0,0,0,0,0,0,0,0,0,0,0,0,0,0	//PR_GLORIA#글로리아#
76,0,0,20:20:20:20:20:18:16:14:12:10,0,0,0,99,0,0,none,0,0,0,0,0,0,0,0,0,0,0,0,0,0,0,0,0,0,0,0,0,0,0	//PR_LEXDIVINA#렉스 디비나#
77,0,0,20,0,0,0,99,0,0,none,0,0,0,0,0,0,0,0,0,0,0,0,0,0,0,0,0,0,0,0,0,0,0	//PR_TURNUNDEAD#턴 언데드#
78,0,0,10,0,0,0,99,0,0,none,0,0,0,0,0,0,0,0,0,0,0,0,0,0,0,0,0,0,0,0,0,0,0	//PR_LEXAETERNA#렉스 에테르나#
79,0,0,40:42:44:46:48:50:52:54:56:58,0,0,0,99,0,0,none,0,0,717,1,0,0,0,0,0,0,0,0,0,0,0,0,0,0,0,0,0,0,0	//PR_MAGNUS#마그누스 엑소르시스무스#

//****
// WZ Wizard
80,0,0,75,0,0,0,99,0,0,none,0,0,0,0,0,0,0,0,0,0,0,0,717,1,717,1,717,1,717,1,717,1,0	//WZ_FIREPILLAR#화이어 필라#
81,0,0,35:37:39:41:43:45:47:49:51:53,0,0,0,99,0,0,none,SC_SIGHT,0,0,0,0,0,0,0,0,0,0,0,0,0,0,0,0,0,0,0,0,0,0	//WZ_SIGHTRASHER#사이트래셔#
83,0,0,20:24:30:34:40:44:50:54:60:64,0,0,0,99,0,0,none,0,0,0,0,0,0,0,0,0,0,0,0,0,0,0,0,0,0,0,0,0,0,0	//WZ_METEOR#메테오 스톰#
84,0,0,20:23:26:29:32:35:38:41:44:47,0,0,0,99,0,0,none,0,0,0,0,0,0,0,0,0,0,0,0,0,0,0,0,0,0,0,0,0,0,0	//WZ_JUPITEL#유피텔 선더#
85,0,0,60:64:68:72:76:80:84:88:92:96,0,0,0,99,0,0,none,0,0,0,0,0,0,0,0,0,0,0,0,0,0,0,0,0,0,0,0,0,0,0	//WZ_VERMILION#로드 오브 버밀리온#
86,0,0,15:20:20:25:25:25:25:25:25:25,0,0,0,99,0,0,water,0,0,0,0,0,0,0,0,0,0,0,0,0,0,0,0,0,0,0,0,0,0,0	//WZ_WATERBALL#워터볼#
87,0,0,20,0,0,0,99,0,0,none,0,0,0,0,0,0,0,0,0,0,0,0,0,0,0,0,0,0,0,0,0,0,0	//WZ_ICEWALL#아이스월#
88,0,0,45:43:41:39:37:35:33:31:29:27,0,0,0,99,0,0,none,0,0,0,0,0,0,0,0,0,0,0,0,0,0,0,0,0,0,0,0,0,0,0	//WZ_FROSTNOVA#프로스트 노바#
89,0,0,78,0,0,0,99,0,0,none,0,0,0,0,0,0,0,0,0,0,0,0,0,0,0,0,0,0,0,0,0,0,0	//WZ_STORMGUST#스톰 가스트#
90,0,0,12:14:16:18:20,0,0,0,99,0,0,none,0,0,0,0,0,0,0,0,0,0,0,0,0,0,0,0,0,0,0,0,0,0,0	//WZ_EARTHSPIKE#어스 스파이크#
91,0,0,28:32:36:40:44,0,0,0,99,0,0,none,0,0,0,0,0,0,0,0,0,0,0,0,0,0,0,0,0,0,0,0,0,0,0	//WZ_HEAVENDRIVE#헤븐즈 드라이브#
92,0,0,5:10:15:20:25,0,0,0,99,0,0,none,0,0,0,0,0,0,0,0,0,0,0,0,0,0,0,0,0,0,0,0,0,0,0	//WZ_QUAGMIRE#콰그마이어#
93,0,0,10,0,0,0,99,0,0,none,0,0,0,0,0,0,0,0,0,0,0,0,0,0,0,0,0,0,0,0,0,0,0	//WZ_ESTIMATION#몬스터 정보#

//****
// BS Blacksmith
108,0,0,30,0,0,0,99,0,0,none,0,0,0,0,0,0,0,0,0,0,0,0,0,0,0,0,0,0,0,0,0,0,0	//BS_REPAIRWEAPON#무기 수리#
110,0,0,10,0,0,0,1:2:6:7:8,0,0,none,0,0,0,0,0,0,0,0,0,0,0,0,0,0,0,0,0,0,0,0,0,0,0	//BS_HAMMERFALL#해머폴#
111,0,0,20:23:26:29:32,0,0,0,6:7:8,0,0,none,0,0,0,0,0,0,0,0,0,0,0,0,0,0,0,0,0,0,0,0,0,0,0	//BS_ADRENALINE#아드레날린 러쉬#
112,0,0,18:16:14:12:10,0,0,0,99,0,0,none,0,0,0,0,0,0,0,0,0,0,0,0,0,0,0,0,0,0,0,0,0,0,0	//BS_WEAPONPERFECT#웨폰 퍼펙션#
113,0,0,18:16:14:12:10,0,0,0,1:2:3:4:5:6:7:8:9:10:11:12:13:14:15:16:17:18:19:20:21:22:23,0,0,none,0,0,0,0,0,0,0,0,0,0,0,0,0,0,0,0,0,0,0,0,0,0,0	//BS_OVERTHRUST#오버 트러스트#
114,0,0,10,0,0,0,99,0,0,none,0,0,0,0,0,0,0,0,0,0,0,0,0,0,0,0,0,0,0,0,0,0,0	//BS_MAXIMIZE#맥시마이즈 파워#

//****
// HT Hunter
115,0,0,10,0,0,0,99,0,0,none,0,0,1065,1,0,0,0,0,0,0,0,0,0,0,0,0,0,0,0,0,0,0,0	//HT_SKIDTRAP#스키드 트랩#
116,0,0,10,0,0,0,99,0,0,none,0,0,1065,1,0,0,0,0,0,0,0,0,0,0,0,0,0,0,0,0,0,0,0	//HT_LANDMINE#랜드 마인#
117,0,0,12,0,0,0,99,0,0,none,0,0,1065,1,0,0,0,0,0,0,0,0,0,0,0,0,0,0,0,0,0,0,0	//HT_ANKLESNARE#앵클스네어#
118,0,0,45,0,0,0,99,0,0,none,0,0,1065,2,0,0,0,0,0,0,0,0,0,0,0,0,0,0,0,0,0,0,0	//HT_SHOCKWAVE#쇼크웨이브 트랩#
119,0,0,12,0,0,0,99,0,0,none,0,0,1065,1,0,0,0,0,0,0,0,0,0,0,0,0,0,0,0,0,0,0,0	//HT_SANDMAN#샌드맨#
120,0,0,12,0,0,0,99,0,0,none,0,0,1065,2,0,0,0,0,0,0,0,0,0,0,0,0,0,0,0,0,0,0,0	//HT_FLASHER#플래셔#
121,0,0,10,0,0,0,99,0,0,none,0,0,1065,2,0,0,0,0,0,0,0,0,0,0,0,0,0,0,0,0,0,0,0	//HT_FREEZINGTRAP#프리징 트랩#
122,0,0,10,0,0,0,99,0,0,none,0,0,1065,1,0,0,0,0,0,0,0,0,0,0,0,0,0,0,0,0,0,0,0	//HT_BLASTMINE#블래스트 마인#
123,0,0,15,0,0,0,99,0,0,none,0,0,1065,2,0,0,0,0,0,0,0,0,0,0,0,0,0,0,0,0,0,0,0	//HT_CLAYMORETRAP#크레모어 트랩#
124,0,0,5,0,0,0,99,0,0,none,0,0,0,0,0,0,0,0,0,0,0,0,0,0,0,0,0,0,0,0,0,0,0	//HT_REMOVETRAP#리무브 트랩#
125,0,0,1,0,0,0,99,0,0,none,0,0,1065,1,0,0,0,0,0,0,0,0,0,0,0,0,0,0,0,0,0,0,0	//HT_TALKIEBOX#토키 박스#
129,0,0,10:13:16:19:22,0,0,0,99,0,0,falcon,0,0,0,0,0,0,0,0,0,0,0,0,0,0,0,0,0,0,0,0,0,0,0	//HT_BLITZBEAT#블릿츠 비트#
130,0,0,8,0,0,0,99,0,0,falcon,0,0,0,0,0,0,0,0,0,0,0,0,0,0,0,0,0,0,0,0,0,0,0	//HT_DETECTING#디텍팅#
131,0,0,10,0,0,0,99,0,0,falcon,0,0,0,0,0,0,0,0,0,0,0,0,0,0,0,0,0,0,0,0,0,0,0	//HT_SPRINGTRAP#스프링 트랩#

//****
// AS Assassin
135,0,0,15,0,0,0,99,0,0,none,0,0,0,0,0,0,0,0,0,0,0,0,0,0,0,0,0,0,0,0,0,0,0	//AS_CLOAKING#클로킹#
136,0,0,16:18:20:22:24:26:28:30:32:34,0,0,0,16,0,0,none,0,0,0,0,0,0,0,0,0,0,0,0,0,0,0,0,0,0,0,0,0,0,0	//AS_SONICBLOW#소닉 블로우#
137,0,0,3,0,0,0,16,0,0,none,SC_HIDING,0,0,0,0,0,0,0,0,0,0,0,0,0,0,0,0,0,0,0,0,0,0	//AS_GRIMTOOTH#그림투스#
138,0,0,20,0,0,0,99,0,0,none,0,0,0,0,0,0,0,0,0,0,0,0,0,0,0,0,0,0,0,0,0,0,0	//AS_ENCHANTPOISON#인찬트 포이즌#
139,0,0,25:30:35:40:45:50:55:60:45:45,0,0,0,99,0,0,none,0,0,0,0,0,0,0,0,0,0,0,0,0,0,0,0,0,0,0,0,0,0,0	//AS_POISONREACT#포이즌 리액트#
140,0,0,20,0,0,0,99,0,0,none,0,0,716,1,0,0,0,0,0,0,0,0,0,0,0,0,0,0,0,0,0,0,0	//AS_VENOMDUST#베넘 더스트#
141,0,0,12:14:16:18:20:22:24:26:28:30,0,0,0,99,0,0,none,0,0,716,1,0,0,0,0,0,0,0,0,0,0,0,0,0,0,0,0,0,0,0	//AS_SPLASHER#베넘 스플래셔#

//****
// 1st Class Quest Skills
142,0,0,3,0,0,0,99,0,0,none,0,0,0,0,0,0,0,0,0,0,0,0,0,0,0,0,0,0,0,0,0,0,0	//NV_FIRSTAID#응급 치료#
143,0,0,5,0,0,0,99,0,0,none,0,0,0,0,0,0,0,0,0,0,0,0,0,0,0,0,0,0,0,0,0,0,0	//NV_TRICKDEAD#죽은척하기#
146,0,0,1,0,0,0,99,0,0,none,0,0,0,0,0,0,0,0,0,0,0,0,0,0,0,0,0,0,0,0,0,0,0	//SM_AUTOBERSERK#오토 버서크#
147,0,0,10,0,0,0,99,0,0,recover_weight_rate,0,0,0,0,0,0,0,0,0,0,0,0,0,0,0,0,0,0,0,0,0,0,0	//AC_MAKINGARROW#화살 만들기#
148,0,0,15,0,0,0,11,1,1,none,0,0,0,0,0,0,0,0,0,0,0,0,0,0,0,0,0,0,0,0,0,0,0	//AC_CHARGEARROW#챠지 애로우#
149,0,0,9,0,0,0,99,0,0,none,0,0,0,0,0,0,0,0,0,0,0,0,0,0,0,0,0,0,0,0,0,0,0	//TF_SPRINKLESAND#모래 뿌리기#
150,0,0,7,0,0,0,99,0,0,none,0,0,0,0,0,0,0,0,0,0,0,0,0,0,0,0,0,0,0,0,0,0,0	//TF_BACKSLIDING#백 슬라이딩#
151,0,0,3,0,0,0,99,0,0,recover_weight_rate,0,0,0,0,0,0,0,0,0,0,0,0,0,0,0,0,0,0,0,0,0,0,0	//TF_PICKSTONE#돌 줍기#
152,0,0,2,0,0,0,99,0,0,none,0,0,7049,1,0,0,0,0,0,0,0,0,0,0,0,0,0,0,0,0,0,0,0	//TF_THROWSTONE#돌 던지기#
153,0,0,12,0,0,0,99,0,0,cart,0,0,0,0,0,0,0,0,0,0,0,0,0,0,0,0,0,0,0,0,0,0,0	//MC_CARTREVOLUTION#카트 레볼루션#
154,0,0,40,0,0,0,99,0,0,cart,0,0,0,0,0,0,0,0,0,0,0,0,0,0,0,0,0,0,0,0,0,0,0	//MC_CHANGECART#체인지 카트#
155,0,0,8,0,0,0,99,0,0,none,0,0,0,0,0,0,0,0,0,0,0,0,0,0,0,0,0,0,0,0,0,0,0	//MC_LOUD#고성방가#
156,0,0,15,0,0,0,99,0,0,none,0,0,0,0,0,0,0,0,0,0,0,0,0,0,0,0,0,0,0,0,0,0,0	//AL_HOLYLIGHT#홀리 라이트#
157,0,0,30,0,0,0,99,0,0,none,0,0,0,0,0,0,0,0,0,0,0,0,0,0,0,0,0,0,0,0,0,0,0	//MG_ENERGYCOAT#에너지 코트#

//****
// RG Rogue
211,0,0,15,0,0,0,99,0,0,none,0,0,0,0,0,0,0,0,0,0,0,0,0,0,0,0,0,0,0,0,0,0,0	//RG_STEALCOIN#스틸 코인#
212,0,0,16,0,0,0,99,0,0,none,0,0,0,0,0,0,0,0,0,0,0,0,0,0,0,0,0,0,0,0,0,0,0	//RG_BACKSTAP#백 스탭#
214,0,0,20,0,0,0,99,0,0,none,SC_HIDING,0,0,0,0,0,0,0,0,0,0,0,0,0,0,0,0,0,0,0,0,0,0	//RG_RAID#기습#
215,0,0,17:19:21:23:25,0,0,0,99,0,0,none,0,0,0,0,0,0,0,0,0,0,0,0,0,0,0,0,0,0,0,0,0,0,0	//RG_STRIPWEAPON#스트립 웨폰#
216,0,0,12:14:16:18:20,0,0,0,99,0,0,none,0,0,0,0,0,0,0,0,0,0,0,0,0,0,0,0,0,0,0,0,0,0,0	//RG_STRIPSHIELD#스트립 쉴드#
217,0,0,17:19:21:23:25,0,0,0,99,0,0,none,0,0,0,0,0,0,0,0,0,0,0,0,0,0,0,0,0,0,0,0,0,0,0	//RG_STRIPARMOR#스트립 아머#
218,0,0,12:14:16:18:20,0,0,0,99,0,0,none,0,0,0,0,0,0,0,0,0,0,0,0,0,0,0,0,0,0,0,0,0,0,0	//RG_STRIPHELM#스트립 헬름#
219,0,0,13:16:19:22:25,0,0,0,99,0,0,none,0,0,0,0,0,0,0,0,0,0,0,0,0,0,0,0,0,0,0,0,0,0,0	//RG_INTIMIDATE#인티머데이트#
220,0,0,15,0,0,0,99,0,0,none,0,0,716,1,0,0,0,0,0,0,0,0,0,0,0,0,0,0,0,0,0,0,0	//RG_GRAFFITI#그래피티#
221,0,0,10,0,0,0,99,0,0,none,0,0,0,0,0,0,0,0,0,0,0,0,0,0,0,0,0,0,0,0,0,0,0	//RG_FLAGGRAFFITI#플래그 그래피티#
222,0,0,5,0,0,0,99,0,0,none,0,0,0,0,0,0,0,0,0,0,0,0,0,0,0,0,0,0,0,0,0,0,0	//RG_CLEANER#클리너#

//****
// AM Alchemist
228,0,0,5,0,0,0,99,0,0,none,0,0,7134,1,0,0,0,0,0,0,0,0,0,0,0,0,0,0,0,0,0,0,0	//AM_PHARMACY#파머시#
229,0,0,10,0,0,0,99,0,0,none,0,0,7135,1,0,0,0,0,0,0,0,0,0,0,0,0,0,0,0,0,0,0,0	//AM_DEMONSTRATION#데몬스트레이션#
230,0,0,15,0,0,0,99,0,0,none,0,0,7136,1,0,0,0,0,0,0,0,0,0,0,0,0,0,0,0,0,0,0,0	//AM_ACIDTERROR#애시드 테러#
231,0,0,1,0,0,0,99,0,0,none,0,0,501,1,502,1,503,1,504,1,505,1,522,1,526,1,608,1,607,1,657,1,0	//AM_POTIONPITCHER#포션 피쳐#
232,0,0,20,0,0,0,99,0,0,none,0,0,7137,1,0,0,0,0,0,0,0,0,0,0,0,0,0,0,0,0,0,0,0	//AM_CANNIBALIZE#바이오 캐니벌라이즈#
233,0,0,10,0,0,0,99,0,0,none,0,0,7138,1,0,0,0,0,0,0,0,0,0,0,0,0,0,0,0,0,0,0,0	//AM_SPHEREMINE#스피어 마인#
234,0,0,30,0,0,0,99,0,0,none,0,0,7139,1,0,0,0,0,0,0,0,0,0,0,0,0,0,0,0,0,0,0,0	//AM_CP_WEAPON#케미칼 프로텍션(웨폰)#
235,0,0,25,0,0,0,99,0,0,none,0,0,7139,1,0,0,0,0,0,0,0,0,0,0,0,0,0,0,0,0,0,0,0	//AM_CP_SHIELD#케미칼 프로텍션(쉴드)#
236,0,0,25,0,0,0,99,0,0,none,0,0,7139,1,0,0,0,0,0,0,0,0,0,0,0,0,0,0,0,0,0,0,0	//AM_CP_ARMOR#케미칼 프로텍션(아머)#
237,0,0,25,0,0,0,99,0,0,none,0,0,7139,1,0,0,0,0,0,0,0,0,0,0,0,0,0,0,0,0,0,0,0	//AM_CP_HELM#케미칼 프로텍션(헬름)#

243,0,0,10,0,0,0,99,0,0,none,0,0,7142,1,0,0,0,0,0,0,0,0,0,0,0,0,0,0,0,0,0,0,0	//AM_CALLHOMUN#콜 호문클루스#
244,0,0,50,0,0,0,99,0,0,none,0,0,0,0,0,0,0,0,0,0,0,0,0,0,0,0,0,0,0,0,0,0,0	//AM_REST#안식#
247,0,0,74:68:62:56:50,0,0,0,99,0,0,none,0,0,0,0,0,0,0,0,0,0,0,0,0,0,0,0,0,0,0,0,0,0,0	//AM_RESURRECTHOMUN#리저렉션 호문클루스#

//****
// CR Crusader
249,0,0,12:14:16:18:20:22:24:26:28:30,0,0,0,99,0,0,shield,0,0,0,0,0,0,0,0,0,0,0,0,0,0,0,0,0,0,0,0,0,0,0	//CR_AUTOGUARD#오토 가드#
250,0,0,10,0,0,0,99,0,0,shield,0,0,0,0,0,0,0,0,0,0,0,0,0,0,0,0,0,0,0,0,0,0,0	//CR_SHIELDCHARGE#쉴드 챠지#
251,0,0,12,0,0,0,99,0,0,shield,0,0,0,0,0,0,0,0,0,0,0,0,0,0,0,0,0,0,0,0,0,0,0	//CR_SHIELDBOOMERANG#쉴드 부메랑#
252,0,0,35:40:45:50:55:60:65:70:75:80,0,0,0,99,0,0,shield,0,0,0,0,0,0,0,0,0,0,0,0,0,0,0,0,0,0,0,0,0,0,0	//CR_REFLECTSHIELD#리플렉트 쉴드#
253,0,0,11:12:13:14:15:16:17:18:19:20,0,0,0,99,0,0,none,0,0,0,0,0,0,0,0,0,0,0,0,0,0,0,0,0,0,0,0,0,0,0	//CR_HOLYCROSS#홀리 크로스#
254,0,0,37:44:51:58:65:72:79:86:93:100,20,0,0,99,0,0,none,0,0,0,0,0,0,0,0,0,0,0,0,0,0,0,0,0,0,0,0,0,0,0	//CR_GRANDCROSS#그랜드 크로스#
255,0,0,25,0,0,0,99,0,0,none,0,0,0,0,0,0,0,0,0,0,0,0,0,0,0,0,0,0,0,0,0,0,0	//CR_DEVOTION#헌신#
256,0,0,30,0,0,0,99,0,0,none,0,0,0,0,0,0,0,0,0,0,0,0,0,0,0,0,0,0,0,0,0,0,0	//CR_PROVIDENCE#신의 뜻#
257,0,0,30,0,0,0,99,0,0,shield,0,0,0,0,0,0,0,0,0,0,0,0,0,0,0,0,0,0,0,0,0,0,0	//CR_DEFENDER#디펜더#
258,0,0,24:28:32:36:40:44:48:52:56:60,0,0,0,5,0,0,none,0,0,0,0,0,0,0,0,0,0,0,0,0,0,0,0,0,0,0,0,0,0,0	//CR_SPEARQUICKEN#스피어 퀴큰#

//****
// MO Monk
261,0,0,8,0,0,0,99,0,0,none,0,0,0,0,0,0,0,0,0,0,0,0,0,0,0,0,0,0,0,0,0,0,0	//MO_CALLSPIRITS#축기(畜氣)#
262,0,0,5,0,0,0,99,0,0,none,0,0,0,0,0,0,0,0,0,0,0,0,0,0,0,0,0,0,0,0,0,0,0	//MO_ABSORBSPIRITS#흡기(吸氣)#
264,0,0,14,0,0,0,99,0,0,none,0,1,0,0,0,0,0,0,0,0,0,0,0,0,0,0,0,0,0,0,0,0,0	//MO_BODYRELOCATION#궁신탄영(弓身彈影)#
266,0,0,10:14:17:19:20,0,0,0,99,0,0,none,0,1,0,0,0,0,0,0,0,0,0,0,0,0,0,0,0,0,0,0,0,0,0	//MO_INVESTIGATE#침투경(浸透勁)#
267,0,0,10,0,0,0,99,0,0,none,0,1:2:3:4:5,0,0,0,0,0,0,0,0,0,0,0,0,0,0,0,0,0,0,0,0,0	//MO_FINGEROFFENSIVE#탄지신통(彈指神通)#
268,0,0,200,0,0,0,99,0,0,none,0,5,0,0,0,0,0,0,0,0,0,0,0,0,0,0,0,0,0,0,0,0,0	//MO_STEELBODY#금강불괴(金剛不壞)#
269,0,0,10,0,0,0,0:1:2:3:4:5:6:7:8:9:10:12:13:14:15:16:17:18:19:20:21:22,0,0,none,0,1,0,0,0,0,0,0,0,0,0,0,0,0,0,0,0,0,0,0,0,0,0	//MO_BLADESTOP#진검백파도(眞劍百破道)#
270,0,0,15,0,0,0,99,0,0,none,0,5,0,0,0,0,0,0,0,0,0,0,0,0,0,0,0,0,0,0,0,0,0	//MO_EXPLOSIONSPIRITS#폭기(爆氣)#
271,0,0,1,0,0,0,0:1:2:3:4:5:6:7:8:9:10:12:13:14:15:16:17:18:19:20:21:22,0,0,none,SC_EXPLOSIONSPIRITS,5,0,0,0,0,0,0,0,0,0,0,0,0,0,0,0,0,0,0,0,0,0	//MO_EXTREMITYFIST#아수라 패황권(阿修羅覇凰拳)#
272,0,0,11:12:13:14:15,0,0,0,0:1:2:3:4:5:6:7:8:9:10:12:13:14:15:16:17:18:19:20:21:22,0,0,none,0,0,0,0,0,0,0,0,0,0,0,0,0,0,0,0,0,0,0,0,0,0,0	//MO_CHAINCOMBO#연환전신장(連環全身掌)#
273,0,0,11:12:13:14:15,0,0,0,0:1:2:3:4:5:6:7:8:9:10:12:13:14:15:16:17:18:19:20:21:22,0,0,none,0,1,0,0,0,0,0,0,0,0,0,0,0,0,0,0,0,0,0,0,0,0,0	//MO_COMBOFINISH#맹룡과강(猛龍誇强)#

//****
// SA Sage
275,0,0,2,0,0,0,99,0,0,none,0,0,0,0,0,0,0,0,0,0,0,0,0,0,0,0,0,0,0,0,0,0,0	//SA_CASTCANCEL#캐스트 캔슬#
276,0,0,2,0,0,0,99,0,0,none,0,0,0,0,0,0,0,0,0,0,0,0,0,0,0,0,0,0,0,0,0,0,0	//SA_MAGICROD#매직 로드#
277,0,0,10,0,0,0,99,0,0,none,0,0,0,0,0,0,0,0,0,0,0,0,0,0,0,0,0,0,0,0,0,0,0	//SA_SPELLBREAKER#스펠 브레이커#
279,0,0,35,0,0,0,99,0,0,none,0,0,0,0,0,0,0,0,0,0,0,0,0,0,0,0,0,0,0,0,0,0,0	//SA_AUTOSPELL#오토 스펠#
280,0,0,40,0,0,0,99,0,0,none,0,0,990,1,0,0,0,0,0,0,0,0,0,0,0,0,0,0,0,0,0,0,0	//SA_FLAMELAUNCHER#프레임 런쳐#
281,0,0,40,0,0,0,99,0,0,none,0,0,991,1,0,0,0,0,0,0,0,0,0,0,0,0,0,0,0,0,0,0,0	//SA_FROSTWEAPON#프로스트 웨폰#
282,0,0,40,0,0,0,99,0,0,none,0,0,992,1,0,0,0,0,0,0,0,0,0,0,0,0,0,0,0,0,0,0,0	//SA_LIGHTNINGLOADER#라이트닝 로더#
283,0,0,40,0,0,0,99,0,0,none,0,0,993,1,0,0,0,0,0,0,0,0,0,0,0,0,0,0,0,0,0,0,0	//SA_SEISMICWEAPON#사이즈믹 웨폰#
285,0,0,48:46:44:42:40,0,0,0,99,0,0,none,0,0,715,1,0,0,0,0,0,0,0,0,0,0,0,0,0,0,0,0,0,0,0	//SA_VOLCANO#볼케이노#
286,0,0,48:46:44:42:40,0,0,0,99,0,0,none,0,0,715,1,0,0,0,0,0,0,0,0,0,0,0,0,0,0,0,0,0,0,0	//SA_DELUGE#델류즈#
287,0,0,48:46:44:42:40,0,0,0,99,0,0,none,0,0,715,1,0,0,0,0,0,0,0,0,0,0,0,0,0,0,0,0,0,0,0	//SA_VIOLENTGALE#바이어런스 게일#
288,0,0,66:62:58:54:50,0,0,0,99,0,0,none,0,0,717,1,715,1,0,0,0,0,0,0,0,0,0,0,0,0,0,0,0,0,0	//SA_LANDPROTECTOR#랜드 프로텍터#
289,0,0,1,0,0,0,99,0,0,none,0,0,715,1,0,0,0,0,0,0,0,0,0,0,0,0,0,0,0,0,0,0,0	//SA_DISPELL#디스펠#
290,0,0,50,0,0,0,99,0,0,none,0,0,715,2,0,0,0,0,0,0,0,0,0,0,0,0,0,0,0,0,0,0,0	//SA_ABRACADABRA#아브라카다브라#
291,0,0,1,0,0,0,99,0,0,none,0,0,0,0,0,0,0,0,0,0,0,0,0,0,0,0,0,0,0,0,0,0,0	//SA_MONOCELL#모노 셀#
292,0,0,1,0,0,0,99,0,0,none,0,0,0,0,0,0,0,0,0,0,0,0,0,0,0,0,0,0,0,0,0,0,0	//SA_CLASSCHANGE#클래스 체인지#
293,0,0,1,0,0,0,99,0,0,none,0,0,0,0,0,0,0,0,0,0,0,0,0,0,0,0,0,0,0,0,0,0,0	//SA_SUMMONMONSTER#서먼 몬스터#
294,0,0,1,0,0,0,99,0,0,none,0,0,0,0,0,0,0,0,0,0,0,0,0,0,0,0,0,0,0,0,0,0,0	//SA_REVERSEORCISH#리버스 오키쉬#
295,0,0,1,0,0,0,99,0,0,none,0,0,0,0,0,0,0,0,0,0,0,0,0,0,0,0,0,0,0,0,0,0,0	//SA_DEATH#사신#
296,0,0,1,0,0,0,99,0,0,none,0,0,0,0,0,0,0,0,0,0,0,0,0,0,0,0,0,0,0,0,0,0,0	//SA_FORTUNE#포츈#
297,0,0,1,0,0,0,99,0,0,none,0,0,0,0,0,0,0,0,0,0,0,0,0,0,0,0,0,0,0,0,0,0,0	//SA_TAMINGMONSTER#테이밍 몬스터#
298,0,0,1,0,0,0,99,0,0,none,0,0,0,0,0,0,0,0,0,0,0,0,0,0,0,0,0,0,0,0,0,0,0	//SA_QUESTION#?#
299,0,0,1,0,0,0,99,0,0,none,0,0,0,0,0,0,0,0,0,0,0,0,0,0,0,0,0,0,0,0,0,0,0	//SA_GRAVITY#그라비티#
300,0,0,1,0,0,0,99,0,0,none,0,0,0,0,0,0,0,0,0,0,0,0,0,0,0,0,0,0,0,0,0,0,0	//SA_LEVELUP#레벨 업#
301,0,0,1,0,0,0,99,0,0,none,0,0,0,0,0,0,0,0,0,0,0,0,0,0,0,0,0,0,0,0,0,0,0	//SA_INSTANTDEATH#즉사#
302,0,0,1,0,0,0,99,0,0,none,0,0,0,0,0,0,0,0,0,0,0,0,0,0,0,0,0,0,0,0,0,0,0	//SA_FULLRECOVERY#완전회복#
303,0,0,1,0,0,0,99,0,0,none,0,0,0,0,0,0,0,0,0,0,0,0,0,0,0,0,0,0,0,0,0,0,0	//SA_COMA#코마#

//****
// Bard & Dancer
304,0,0,1,0,0,0,99,0,0,none,0,0,0,0,0,0,0,0,0,0,0,0,0,0,0,0,0,0,0,0,0,0,0	//BD_ADAPTATION#임기응변#
305,0,0,1,0,0,0,13:14,0,0,none,0,0,0,0,0,0,0,0,0,0,0,0,0,0,0,0,0,0,0,0,0,0,0	//BD_ENCORE#앵콜#
306,0,0,20,0,0,0,13:14,0,0,none,0,0,0,0,0,0,0,0,0,0,0,0,0,0,0,0,0,0,0,0,0,0,0	//BD_LULLABY#자장가#
307,0,0,20,0,0,0,13:14,0,0,none,0,0,0,0,0,0,0,0,0,0,0,0,0,0,0,0,0,0,0,0,0,0,0	//BD_RICHMANKIM#김서방 돈벌었네#
308,0,0,30,0,0,0,13:14,0,0,none,0,0,0,0,0,0,0,0,0,0,0,0,0,0,0,0,0,0,0,0,0,0,0	//BD_ETERNALCHAOS#영원의 혼돈#
309,0,0,38:41:44:47:50,0,0,0,13:14,0,0,none,0,0,0,0,0,0,0,0,0,0,0,0,0,0,0,0,0,0,0,0,0,0,0	//BD_DRUMBATTLEFIELD#전장의 북소리#
310,0,0,38:41:44:47:50,0,0,0,13:14,0,0,none,0,0,0,0,0,0,0,0,0,0,0,0,0,0,0,0,0,0,0,0,0,0,0	//BD_RINGNIBELUNGEN#니벨룽겐의 반지#
311,0,0,15,0,0,0,13:14,0,0,none,0,0,0,0,0,0,0,0,0,0,0,0,0,0,0,0,0,0,0,0,0,0,0	//BD_ROKISWEIL#울부짖는 로키#
312,0,0,10,0,0,0,13:14,0,0,none,0,0,0,0,0,0,0,0,0,0,0,0,0,0,0,0,0,0,0,0,0,0,0	//BD_INTOABYSS#심연속으로#
313,0,0,20,0,0,0,13:14,0,0,none,0,0,0,0,0,0,0,0,0,0,0,0,0,0,0,0,0,0,0,0,0,0,0	//BD_SIEGFRIED#불사신 지크프리드#

//****
// BA Bard
316,0,0,1:3:5:7:9,0,0,0,13,1,1,none,0,0,0,0,0,0,0,0,0,0,0,0,0,0,0,0,0,0,0,0,0,0,0	//BA_MUSICALSTRIKE#뮤지컬 스트라이크#
317,0,0,18:21:24:27:30,0,0,0,13,0,0,none,0,0,0,0,0,0,0,0,0,0,0,0,0,0,0,0,0,0,0,0,0,0,0	//BA_DISSONANCE#불협화음#
318,0,0,12:14:16:18:20,0,0,0,99,0,0,none,0,0,0,0,0,0,0,0,0,0,0,0,0,0,0,0,0,0,0,0,0,0,0	//BA_FROSTJOKE#썰렁한 농담#
319,0,0,24:28:32:36:40:44:48:52:56:60,0,0,0,13:14,0,0,none,0,0,0,0,0,0,0,0,0,0,0,0,0,0,0,0,0,0,0,0,0,0,0	//BA_WHISTLE#휘파람#
320,0,0,38:41:44:47:50:53:56:59:62:65,0,0,0,13:14,0,0,none,0,0,0,0,0,0,0,0,0,0,0,0,0,0,0,0,0,0,0,0,0,0,0	//BA_ASSASSINCROSS#석양의 어세신 크로스#
321,0,0,40:45:50:55:60:65:70:75:80:85,0,0,0,13:14,0,0,none,0,0,0,0,0,0,0,0,0,0,0,0,0,0,0,0,0,0,0,0,0,0,0	//BA_POEMBRAGI#브라기의 시#
322,0,0,40:45:50:55:60:65:70:75:80:85,0,0,0,13:14,0,0,none,0,0,0,0,0,0,0,0,0,0,0,0,0,0,0,0,0,0,0,0,0,0,0	//BA_APPLEIDUN#이둔의 사과#

//****
// DC Dancer
324,0,0,1:3:5:7:9,0,0,0,14,1,1,none,0,0,0,0,0,0,0,0,0,0,0,0,0,0,0,0,0,0,0,0,0,0,0	//DC_THROWARROW#화살 감아 던지기#
325,0,0,23:26:29:32:35,0,0,0,14,0,0,none,0,0,0,0,0,0,0,0,0,0,0,0,0,0,0,0,0,0,0,0,0,0,0	//DC_UGLYDANCE#막춤#
326,0,0,12:14:16:18:20,0,0,0,99,0,0,none,0,0,0,0,0,0,0,0,0,0,0,0,0,0,0,0,0,0,0,0,0,0,0	//DC_SCREAM#비명지르기#
327,0,0,22:24:26:28:30:32:34:36:38:40,0,0,0,13:14,0,0,none,0,0,0,0,0,0,0,0,0,0,0,0,0,0,0,0,0,0,0,0,0,0,0	//DC_HUMMING#흥얼거림#
328,0,0,28:31:34:37:40:43:46:49:52:55,0,0,0,13:14,0,0,none,0,0,0,0,0,0,0,0,0,0,0,0,0,0,0,0,0,0,0,0,0,0,0	//DC_DONTFORGETME#나를 잊지 말아요#
329,0,0,43:46:49:52:55:58:61:64:67:70,0,0,0,13:14,0,0,none,0,0,0,0,0,0,0,0,0,0,0,0,0,0,0,0,0,0,0,0,0,0,0	//DC_FORTUNEKISS#행운의 키스#
330,0,0,40:45:50:55:60:65:70:75:80:85,0,0,0,13:14,0,0,none,0,0,0,0,0,0,0,0,0,0,0,0,0,0,0,0,0,0,0,0,0,0,0	//DC_SERVICEFORYOU#당신을 위한 서비스#

334,0,0,1,-10,0,0,99,0,0,none,0,0,0,0,0,0,0,0,0,0,0,0,0,0,0,0,0,0,0,0,0,0,0	//WE_MALE#당신만은 지킬께요#
335,0,0,1,0,-10,0,99,0,0,none,0,0,0,0,0,0,0,0,0,0,0,0,0,0,0,0,0,0,0,0,0,0,0	//WE_FEMALE#당신을 위해서 희생할께요#
336,0,0,1,0,0,0,99,0,0,none,0,0,0,0,0,0,0,0,0,0,0,0,0,0,0,0,0,0,0,0,0,0,0	//WE_CALLPARTNER#당신이 보고싶어요#
337,0,0,1,0,0,0,99,0,0,none,0,0,0,0,0,0,0,0,0,0,0,0,0,0,0,0,0,0,0,0,0,0,0	//ITM_TOMAHAWK#토마호크 던지기#

//****
// LK Lord Knight
355,0,0,18:26:34:42:50,0,0,0,1:2:3:4:5:6:7:8:9:10:11:12:13:14:15:16:17:18:19:20:21:22,0,0,none,0,0,0,0,0,0,0,0,0,0,0,0,0,0,0,0,0,0,0,0,0,0,0	//LK_AURABLADE#오라 블레이드#
356,0,0,50,0,0,0,3,0,0,none,0,0,0,0,0,0,0,0,0,0,0,0,0,0,0,0,0,0,0,0,0,0,0	//LK_PARRYING#패링#
357,0,0,14:18:22:26:30,0,0,0,99,0,0,none,0,0,0,0,0,0,0,0,0,0,0,0,0,0,0,0,0,0,0,0,0,0,0	//LK_CONCENTRATION#컨센트레이션#
358,0,0,15,0,0,0,99,0,0,none,0,0,0,0,0,0,0,0,0,0,0,0,0,0,0,0,0,0,0,0,0,0,0	//LK_TENSIONRELAX#텐션 릴렉스#
359,0,0,200,0,0,0,99,0,0,none,0,0,0,0,0,0,0,0,0,0,0,0,0,0,0,0,0,0,0,0,0,0,0	//LK_BERSERK#버서크#

//****
// HP High Priest
361,0,0,20:30:40:50:60,0,0,0,99,0,0,none,0,0,0,0,0,0,0,0,0,0,0,0,0,0,0,0,0,0,0,0,0,0,0	//HP_ASSUMPTIO#아숨프티오#
362,0,0,80:90:100:110:120,0,0,0,99,0,0,none,0,0,715,1,716,1,717,1,523,1,0,0,0,0,0,0,0,0,0,0,0,0,0	//HP_BASILICA#바실리카#

//****
// HW High Wizard
365,0,0,8,0,0,0,99,0,0,none,0,0,0,0,0,0,0,0,0,0,0,0,0,0,0,0,0,0,0,0,0,0,0	//HW_MAGICCRASHER#매직 크래셔#
366,0,0,14:18:22:26:30:34:38:42:46:50,0,0,0,99,0,0,none,0,0,0,0,0,0,0,0,0,0,0,0,0,0,0,0,0,0,0,0,0,0,0	//HW_MAGICPOWER#마법력 증폭#

//****
// PA Paladin
367,0,0,30:35:40:45:50,0,0,0,99,0,0,none,0,0,0,0,0,0,0,0,0,0,0,0,0,0,0,0,0,0,0,0,0,0,0	//PA_PRESSURE#프레셔#
368,0,0,100,0,0,0,99,0,0,none,0,0,0,0,0,0,0,0,0,0,0,0,0,0,0,0,0,0,0,0,0,0,0	//PA_SACRIFICE#세크리파이스#
369,0,0,80:80:80:80:80:100:100:100:100:100,0,0,0,99,0,0,none,0,0,0,0,0,0,0,0,0,0,0,0,0,0,0,0,0,0,0,0,0,0,0	//PA_GOSPEL#가스펠#

//****
// CH Champion
370,0,0,2:4:6:8:10,0,0,0,99,0,0,none,SC_EXPLOSIONSPIRITS,0,0,0,0,0,0,0,0,0,0,0,0,0,0,0,0,0,0,0,0,0,0	//CH_PALMSTRIKE#맹호경파산 (猛虎硬派山)#
371,0,0,4:6:8:10:12,0,0,0,99,0,0,none,0,1,0,0,0,0,0,0,0,0,0,0,0,0,0,0,0,0,0,0,0,0,0	//CH_TIGERFIST#복호권 (伏虎拳)#
372,0,0,4:6:8:10:12:14:16:18:20:22,0,0,0,99,0,0,none,0,2,0,0,0,0,0,0,0,0,0,0,0,0,0,0,0,0,0,0,0,0,0	//CH_CHAINCRUSH#연주붕격 (聯柱崩擊)#

//****
// PF Professor
373,0,0,1:2:3:4:5,0,0,0,99,0,0,none,0,0,0,0,0,0,0,0,0,0,0,0,0,0,0,0,0,0,0,0,0,0,0	//PF_HPCONVERSION#라이프 치환#
374,0,0,5,0,0,0,99,0,0,none,0,0,0,0,0,0,0,0,0,0,0,0,0,0,0,0,0,0,0,0,0,0,0	//PF_SOULCHANGE#소울 체인지#
375,0,0,80:90:100:110:120,0,0,0,99,0,0,none,0,0,0,0,0,0,0,0,0,0,0,0,0,0,0,0,0,0,0,0,0,0,0	//PF_SOULBURN#소울 번#

//****
// ASC Assassin Cross
378,0,0,60:70:80:90:100,0,0,0,99,0,0,none,0,0,678,1,0,0,0,0,0,0,0,0,0,0,0,0,0,0,0,0,0,0,0	//ASC_EDP#치명적인 독 부여#
379,0,0,20:20:20:20:20:30:30:30:30:30,0,0,0,99,0,0,none,0,0,0,0,0,0,0,0,0,0,0,0,0,0,0,0,0,0,0,0,0,0,0	//ASC_BREAKER#기공포#

//****
// SN Sniper
380,0,0,20:20:25:25:30:30:35:35:40:40,0,0,0,99,0,0,none,0,0,0,0,0,0,0,0,0,0,0,0,0,0,0,0,0,0,0,0,0,0,0	//SN_SIGHT#트루 사이트#
381,0,0,30:34:38:42:46,0,0,0,99,0,0,falcon,0,0,0,0,0,0,0,0,0,0,0,0,0,0,0,0,0,0,0,0,0,0,0	//SN_FALCONASSAULT#팔콘 어절트#
382,0,0,18:21:24:27:30,0,0,0,11,1,1,none,0,0,0,0,0,0,0,0,0,0,0,0,0,0,0,0,0,0,0,0,0,0,0	//SN_SHARPSHOOTING#샤프슈팅#
383,0,0,46:52:58:64:70:76:82:88:94:100,0,0,0,99,0,0,none,0,0,0,0,0,0,0,0,0,0,0,0,0,0,0,0,0,0,0,0,0,0,0	//SN_WINDWALK#윈드 워크#

//****
// WS Whitesmith
384,0,0,50:50:60:60:70:70:80:80:90:90,0,0,0,99,0,0,none,0,0,0,0,0,0,0,0,0,0,0,0,0,0,0,0,0,0,0,0,0,0,0	//WS_MELTDOWN#멜트다운#
385,0,0,5,0,0,0,99,0,0,none,0,0,0,0,0,0,0,0,0,0,0,0,0,0,0,0,0,0,0,0,0,0,0	//WS_CREATECOIN#동전제조#
386,0,0,5,0,0,0,99,0,0,none,0,0,0,0,0,0,0,0,0,0,0,0,0,0,0,0,0,0,0,0,0,0,0	//WS_CREATENUGGET#괴(塊) 제조#
387,0,0,20,0,0,0,99,0,0,cart,0,0,0,0,0,0,0,0,0,0,0,0,0,0,0,0,0,0,0,0,0,0,0	//WS_CARTBOOST#카트 부스트#
388,0,0,20,0,0,0,99,0,0,none,0,0,7137,1,0,0,0,0,0,0,0,0,0,0,0,0,0,0,0,0,0,0,0	//WS_SYSTEMCREATE#자동공격장치 제작#

//****
// ST Stalker
389,0,0,10,0,0,0,99,0,0,none,0,0,0,0,0,0,0,0,0,0,0,0,0,0,0,0,0,0,0,0,0,0,0	//ST_CHASEWALK#체이스 워크#
390,0,0,10:15:20:25:30,0,0,0,99,0,0,none,0,0,0,0,0,0,0,0,0,0,0,0,0,0,0,0,0,0,0,0,0,0,0	//ST_REJECTSWORD#소드 리젝트#

//****
// CG Clown & Gypsy
394,0,0,12:14:16:18:20:22:24:26:28:30,0,0,0,13:14,1,1,none,0,0,0,0,0,0,0,0,0,0,0,0,0,0,0,0,0,0,0,0,0,0,0	//CG_ARROWVULCAN#애로우 발칸#
395,0,0,30:40:50:60:70,0,0,0,13:14,0,0,none,0,0,0,0,0,0,0,0,0,0,0,0,0,0,0,0,0,0,0,0,0,0,0	//CG_MOONLIT#달빛 물레방앗간에 떨어지는 꽃잎#
396,0,0,100,0,0,0,99,0,0,none,0,0,0,0,0,0,0,0,0,0,0,0,0,0,0,0,0,0,0,0,0,0,0	//CG_MARIONETTE#마리오네트 컨트롤#

//****
// Other 2-Trans Class Skills
397,0,0,18:21:24:27:30,0,0,0,4:5,0,0,none,0,0,0,0,0,0,0,0,0,0,0,0,0,0,0,0,0,0,0,0,0,0,0	//LK_SPIRALPIERCE#스파이럴 피어스#
398,0,0,23,0,0,0,99,0,0,none,0,0,0,0,0,0,0,0,0,0,0,0,0,0,0,0,0,0,0,0,0,0,0	//LK_HEADCRUSH#헤드 크러쉬#
399,0,0,12:12:14:14:16:16:18:18:20:20,0,0,0,4:5,0,0,none,0,0,0,0,0,0,0,0,0,0,0,0,0,0,0,0,0,0,0,0,0,0,0	//LK_JOINTBEAT#조인트 비트#
400,0,0,10:25:40:55:70,0,0,0,99,0,0,none,0,0,0,0,0,0,0,0,0,0,0,0,0,0,0,0,0,0,0,0,0,0,0	//HW_NAPALMVULCAN#네이팜 발칸#
401,0,0,20,0,0,0,99,0,0,none,0,0,0,0,0,0,0,0,0,0,0,0,0,0,0,0,0,0,0,0,0,0,0	//CH_SOULCOLLECT#광축기(狂蓄氣)#
402,0,0,12:15:18:21:24,0,0,0,99,0,0,none,0,0,0,0,0,0,0,0,0,0,0,0,0,0,0,0,0,0,0,0,0,0,0	//PF_MINDBREAKER#마인드 브레이커#
403,0,0,1,0,0,0,99,0,0,none,0,0,0,0,0,0,0,0,0,0,0,0,0,0,0,0,0,0,0,0,0,0,0	//PF_MEMORIZE#메모라이즈#
404,0,0,25,0,0,0,99,0,0,none,0,0,0,0,0,0,0,0,0,0,0,0,0,0,0,0,0,0,0,0,0,0,0	//PF_FOGWALL#월 오브 포그#
405,0,0,50,0,0,0,99,0,0,none,0,0,1025,1,0,0,0,0,0,0,0,0,0,0,0,0,0,0,0,0,0,0,0	//PF_SPIDERWEB#스파이더 웹#
406,0,0,10:12:14:16:18:20:22:24:26:28,0,0,0,99,0,0,none,0,0,0,0,0,0,0,0,0,0,0,0,0,0,0,0,0,0,0,0,0,0,0	//ASC_METEORASSAULT#메테오 어절트#
407,0,0,50,0,0,0,99,0,0,none,0,0,0,0,0,0,0,0,0,0,0,0,0,0,0,0,0,0,0,0,0,0,0	//ASC_CDP#치명적인 독 생산#

408,0,0,1,0,-10,0,99,0,0,none,0,0,0,0,0,0,0,0,0,0,0,0,0,0,0,0,0,0,0,0,0,0,0	//WE_BABY#엄마 아빠 사랑해요#
409,0,0,1,0,0,0,99,0,0,none,0,0,0,0,0,0,0,0,0,0,0,0,0,0,0,0,0,0,0,0,0,0,0	//WE_CALLPARENT#엄마 아빠 보고싶어요#
410,0,0,1,0,0,0,99,0,0,none,0,0,0,0,0,0,0,0,0,0,0,0,0,0,0,0,0,0,0,0,0,0,0	//WE_CALLBABY#아가야 이리오렴#

//****
// TK Taekwon
411,0,0,100:90:80:70:60:50:40:30:20:10,0,0,0,99,0,0,move_enable,0,0,0,0,0,0,0,0,0,0,0,0,0,0,0,0,0,0,0,0,0,0,0	//TK_RUN#달리기#
412,0,0,1,0,0,0,99,0,0,none,0,0,0,0,0,0,0,0,0,0,0,0,0,0,0,0,0,0,0,0,0,0,0	//TK_READYSTORM#회오리 준비#
413,0,0,14:12:10:8:6:4:2,0,0,0,99,0,0,none,0,0,0,0,0,0,0,0,0,0,0,0,0,0,0,0,0,0,0,0,0,0,0	//TK_STORMKICK#회오리차기#
414,0,0,1,0,0,0,99,0,0,none,0,0,0,0,0,0,0,0,0,0,0,0,0,0,0,0,0,0,0,0,0,0,0	//TK_READYDOWN#찍기 준비#
415,0,0,14:12:10:8:6:4:2,0,0,0,99,0,0,none,0,0,0,0,0,0,0,0,0,0,0,0,0,0,0,0,0,0,0,0,0,0,0	//TK_DOWNKICK#내려찍기#
416,0,0,1,0,0,0,99,0,0,none,0,0,0,0,0,0,0,0,0,0,0,0,0,0,0,0,0,0,0,0,0,0,0	//TK_READYTURN#차기 준비#
417,0,0,14:12:10:8:6:4:2,0,0,0,99,0,0,none,0,0,0,0,0,0,0,0,0,0,0,0,0,0,0,0,0,0,0,0,0,0,0	//TK_TURNKICK#돌려차기#
418,0,0,1,0,0,0,99,0,0,none,0,0,0,0,0,0,0,0,0,0,0,0,0,0,0,0,0,0,0,0,0,0,0	//TK_READYCOUNTER#카운터 준비#
419,0,0,14:12:10:8:6:4:2,0,0,0,99,0,0,none,0,0,0,0,0,0,0,0,0,0,0,0,0,0,0,0,0,0,0,0,0,0,0	//TK_COUNTER#카운터차기#
420,0,0,1,0,0,0,99,0,0,none,0,0,0,0,0,0,0,0,0,0,0,0,0,0,0,0,0,0,0,0,0,0,0	//TK_DODGE#낙법#
421,0,0,70:60:50:40:30:20:10,0,0,0,99,0,0,none,0,0,0,0,0,0,0,0,0,0,0,0,0,0,0,0,0,0,0,0,0,0,0	//TK_JUMPKICK#날라차기#
425,0,0,20:20:20:20:50:50:50,0,0,0,99,0,0,none,0,0,0,0,0,0,0,0,0,0,0,0,0,0,0,0,0,0,0,0,0,0,0	//TK_SEVENWIND#따듯한 바람#
426,0,0,50,0,0,0,99,0,0,none,0,0,0,0,0,0,0,0,0,0,0,0,0,0,0,0,0,0,0,0,0,0,0	//TK_HIGHJUMP#높이뛰기#

//****
// SG Star Gladiator
427,0,0,100,0,0,0,99,0,0,none,0,0,0,0,0,0,0,0,0,0,0,0,0,0,0,0,0,0,0,0,0,0,0	//SG_FEEL#태양과 달과 별의 느낌#
428,0,0,20,0,0,0,99,0,0,none,0,0,0,0,0,0,0,0,0,0,0,0,0,0,0,0,0,0,0,0,0,0,0	//SG_SUN_WARM#태양의 따스함#
429,0,0,20,0,0,0,99,0,0,none,0,0,0,0,0,0,0,0,0,0,0,0,0,0,0,0,0,0,0,0,0,0,0	//SG_MOON_WARM#달의 따스함#
430,0,0,10,0,0,0,99,0,0,none,0,0,0,0,0,0,0,0,0,0,0,0,0,0,0,0,0,0,0,0,0,0,0	//SG_STAR_WARM#별의 따스함#
431,0,0,70:60:50:40,0,0,0,99,0,0,none,0,0,0,0,0,0,0,0,0,0,0,0,0,0,0,0,0,0,0,0,0,0,0	//SG_SUN_COMFORT#태양의 안락함#
432,0,0,70:60:50:40,0,0,0,99,0,0,none,0,0,0,0,0,0,0,0,0,0,0,0,0,0,0,0,0,0,0,0,0,0,0	//SG_MOON_COMFORT#달의 안락함#
433,0,0,70:60:50:40,0,0,0,99,0,0,none,0,0,0,0,0,0,0,0,0,0,0,0,0,0,0,0,0,0,0,0,0,0,0	//SG_STAR_COMFORT#별의 안락함#
434,0,0,100,0,0,0,99,0,0,none,0,0,0,0,0,0,0,0,0,0,0,0,0,0,0,0,0,0,0,0,0,0,0	//SG_HATE#태양과 달과 별의 증오#
444,0,0,100,0,0,0,99,0,0,none,0,0,0,0,0,0,0,0,0,0,0,0,0,0,0,0,0,0,0,0,0,0,0	//SG_FUSION#태양과 달과 별의 융합#

446,0,0,10,0,8,0,99,0,0,none,0,0,657,2,0,0,0,0,0,0,0,0,0,0,0,0,0,0,0,0,0,0,0	//AM_BERSERKPITCHER#버서크 피쳐#
459,0,0,64,0,0,0,0:1:2:3:4:5:6:7:8:9:10:12:13:14:15:16,0,0,none,0,0,0,0,0,0,0,0,0,0,0,0,0,0,0,0,0,0,0,0,0,0,0	//BS_ADRENALINE2#풀 아드레날린 러쉬#

//****
// SL Soul Linker
445,0,0,460:360:260:160:60,0,0,0,99,0,0,none,0,0,0,0,0,0,0,0,0,0,0,0,0,0,0,0,0,0,0,0,0,0,0	//SL_ALCHEMIST#알케미스트의 영혼#
447,0,0,460:360:260:160:60,0,0,0,99,0,0,none,0,0,0,0,0,0,0,0,0,0,0,0,0,0,0,0,0,0,0,0,0,0,0	//SL_MONK#몽크의 영혼#
448,0,0,460:360:260:160:60,0,0,0,99,0,0,none,0,0,0,0,0,0,0,0,0,0,0,0,0,0,0,0,0,0,0,0,0,0,0	//SL_STAR#권성의 영혼#
449,0,0,460:360:260:160:60,0,0,0,99,0,0,none,0,0,0,0,0,0,0,0,0,0,0,0,0,0,0,0,0,0,0,0,0,0,0	//SL_SAGE#세이지의 영혼#
450,0,0,460:360:260:160:60,0,0,0,99,0,0,none,0,0,0,0,0,0,0,0,0,0,0,0,0,0,0,0,0,0,0,0,0,0,0	//SL_CRUSADER#크루세이더의 영혼#
451,0,0,460:360:260:160:60,0,0,0,99,0,0,none,0,0,0,0,0,0,0,0,0,0,0,0,0,0,0,0,0,0,0,0,0,0,0	//SL_SUPERNOVICE#슈퍼노비스의 영혼#
452,0,0,460:360:260:160:60,0,0,0,99,0,0,none,0,0,0,0,0,0,0,0,0,0,0,0,0,0,0,0,0,0,0,0,0,0,0	//SL_KNIGHT#기사의 영혼#
453,0,0,460:360:260:160:60,0,0,0,99,0,0,none,0,0,0,0,0,0,0,0,0,0,0,0,0,0,0,0,0,0,0,0,0,0,0	//SL_WIZARD#위저드의 영혼#
454,0,0,460:360:260:160:60,0,0,0,99,0,0,none,0,0,0,0,0,0,0,0,0,0,0,0,0,0,0,0,0,0,0,0,0,0,0	//SL_PRIEST#프리스트의 영혼#
455,0,0,460:360:260:160:60,0,0,0,99,0,0,none,0,0,0,0,0,0,0,0,0,0,0,0,0,0,0,0,0,0,0,0,0,0,0	//SL_BARDDANCER#바드와 댄서의 영혼#
456,0,0,460:360:260:160:60,0,0,0,99,0,0,none,0,0,0,0,0,0,0,0,0,0,0,0,0,0,0,0,0,0,0,0,0,0,0	//SL_ROGUE#로그의 영혼#
457,0,0,460:360:260:160:60,0,0,0,99,0,0,none,0,0,0,0,0,0,0,0,0,0,0,0,0,0,0,0,0,0,0,0,0,0,0	//SL_ASSASIN#어쌔신의 영혼#
458,0,0,460:360:260:160:60,0,0,0,99,0,0,none,0,0,0,0,0,0,0,0,0,0,0,0,0,0,0,0,0,0,0,0,0,0,0	//SL_BLACKSMITH#블랙스미스의 영혼#
460,0,0,460:360:260:160:60,0,0,0,99,0,0,none,0,0,0,0,0,0,0,0,0,0,0,0,0,0,0,0,0,0,0,0,0,0,0	//SL_HUNTER#헌터의 영혼 #
461,0,0,460:360:260:160:60,0,0,0,99,0,0,none,0,0,0,0,0,0,0,0,0,0,0,0,0,0,0,0,0,0,0,0,0,0,0	//SL_SOULLINKER#소울링커의 영혼#
462,0,0,120:110:100:90:80:70:60,0,0,0,99,0,0,none,0,0,0,0,0,0,0,0,0,0,0,0,0,0,0,0,0,0,0,0,0,0,0	//SL_KAIZEL#카이젤#
463,0,0,30,0,0,0,99,0,0,none,0,0,0,0,0,0,0,0,0,0,0,0,0,0,0,0,0,0,0,0,0,0,0	//SL_KAAHI#카아히#
464,0,0,20:30:40,0,0,0,99,0,0,none,0,0,0,0,0,0,0,0,0,0,0,0,0,0,0,0,0,0,0,0,0,0,0	//SL_KAUPE#카우프#
465,0,0,70,0,0,0,99,0,0,none,0,0,0,0,0,0,0,0,0,0,0,0,0,0,0,0,0,0,0,0,0,0,0	//SL_KAITE#카이트#
467,0,0,18:20:22:24:26:28:30,0,0,0,99,0,0,none,0,0,0,0,0,0,0,0,0,0,0,0,0,0,0,0,0,0,0,0,0,0,0	//SL_STIN#에스틴#
468,0,0,18:20:22:24:26:28:30,0,0,0,99,0,0,none,0,0,0,0,0,0,0,0,0,0,0,0,0,0,0,0,0,0,0,0,0,0,0	//SL_STUN#에스턴#
469,0,0,8:16:24:32:40:48:56:64:72:80,0,0,0,99,0,0,none,0,0,0,0,0,0,0,0,0,0,0,0,0,0,0,0,0,0,0,0,0,0,0	//SL_SMA#에스마#
470,0,0,75:65:55:45:35:25:15,0,0,0,99,0,0,none,0,0,0,0,0,0,0,0,0,0,0,0,0,0,0,0,0,0,0,0,0,0,0	//SL_SWOO#에스우#
471,0,0,55:35:15,0,0,0,99,0,0,none,0,0,0,0,0,0,0,0,0,0,0,0,0,0,0,0,0,0,0,0,0,0,0	//SL_SKE#에스크#
472,0,0,100:80:60,0,0,0,99,0,0,none,0,0,0,0,0,0,0,0,0,0,0,0,0,0,0,0,0,0,0,0,0,0,0	//SL_SKA#에스카#

//****
// Other Skills
475,0,0,30,0,0,0,99,0,0,none,0,0,0,0,0,0,0,0,0,0,0,0,0,0,0,0,0,0,0,0,0,0,0	//ST_PRESERVE#프리저브#
476,0,0,22:24:26:28:30,0,0,0,99,0,0,none,0,0,0,0,0,0,0,0,0,0,0,0,0,0,0,0,0,0,0,0,0,0,0	//ST_FULLSTRIP#풀 스트립#
477,0,0,5,0,0,0,99,0,0,none,0,0,0,0,0,0,0,0,0,0,0,0,0,0,0,0,0,0,0,0,0,0,0	//WS_WEAPONREFINE#무기제련#
478,0,0,30,0,0,0,99,0,0,none,0,0,545,1,545,1,545,1,545,1,545,1,546,1,546,1,546,1,546,1,547,1,0	//CR_SLIMPITCHER#슬림 피쳐#
479,0,0,40,0,0,0,99,0,0,none,0,0,7139,1,0,0,0,0,0,0,0,0,0,0,0,0,0,0,0,0,0,0,0	//CR_FULLPROTECTION#풀 케미칼 프로텍션#
480,0,0,28:31:34:37:40,0,0,0,99,0,0,shield,0,0,0,0,0,0,0,0,0,0,0,0,0,0,0,0,0,0,0,0,0,0,0	//PA_SHIELDCHAIN#쉴드체인#
482,0,0,40:45:50:55:60,0,0,0,99,0,0,none,0,0,0,0,0,0,0,0,0,0,0,0,0,0,0,0,0,0,0,0,0,0,0	//PF_DOUBLECASTING#더블 캐스팅#
483,0,0,40,0,0,0,99,0,0,none,0,0,715,1,717,1,0,0,0,0,0,0,0,0,0,0,0,0,0,0,0,0,0	//HW_GANBANTEIN#간반테인#
484,0,0,20:40:60:80:100,0,0,0,99,0,0,none,0,0,717,1,0,0,0,0,0,0,0,0,0,0,0,0,0,0,0,0,0,0,0	//HW_GRAVITATION#그라비테이션 필드#
485,0,0,15,0,0,600:700:800:900:1000:1100:1200:1300:1400:1500,0:1:2:3:4:5:6:7:8:9:10:12:13:14:15:16:17:18:19:20:21:22,0,0,none,SC_CARTBOOST,0,0,0,0,0,0,0,0,0,0,0,0,0,0,0,0,0,0,0,0,0,0	//WS_CARTTERMINATION#카트 터미네이션#
486,0,0,15,0,0,3000:3500:4000:4500:5000,0:1:2:3:4:5:6:7:8:9:10:12:13:14:15:16:17:18:19:20:21:22,0,0,none,0,0,0,0,0,0,0,0,0,0,0,0,0,0,0,0,0,0,0,0,0,0,0	//WS_OVERTHRUSTMAX#오버트러스트 맥스#
487,0,0,15,0,0,0,99,0,0,none,0,0,0,0,0,0,0,0,0,0,0,0,0,0,0,0,0,0,0,0,0,0,0	//CG_LONGINGFREEDOM#나를 구속하지마#
488,0,0,20:30:40:50:60,0,0,0,13:14,0,0,none,0,0,0,0,0,0,0,0,0,0,0,0,0,0,0,0,0,0,0,0,0,0,0	//CG_HERMODE#헤르모드의 지팡이#
489,0,0,40,0,0,0,99,0,0,none,0,0,0,0,0,0,0,0,0,0,0,0,0,0,0,0,0,0,0,0,0,0,0	//CG_TAROTCARD#운명의 타로 카드#
490,0,0,30,0,0,0,99,0,0,none,0,0,7135,1,7136,1,0,0,0,0,0,0,0,0,0,0,0,0,0,0,0,0,0	//CR_ACIDDEMONSTRATION#애시드 데몬스트레이션#
491,0,0,10,0,0,0,99,0,0,none,0,0,921,1,905,1,0,0,0,0,0,0,0,0,0,0,0,0,0,0,0,0,0	//CR_CULTIVATION#식물 재배#
492,0,0,1,0,0,0,99,0,0,none,0,0,0,0,0,0,0,0,0,0,0,0,0,0,0,0,0,0,0,0,0,0,0	//ITEM_ENCHANTARMS##
493,0,0,10,0,0,0,99,0,0,none,0,0,0,0,0,0,0,0,0,0,0,0,0,0,0,0,0,0,0,0,0,0,0	//TK_MISSION#태권 미션#
494,0,0,460:360:260:160:60,0,0,0,99,0,0,none,0,0,0,0,0,0,0,0,0,0,0,0,0,0,0,0,0,0,0,0,0,0,0	//SL_HIGH#일차상위직의 영혼#
495,0,0,100,0,0,0,2,0,0,none,0,0,0,0,0,0,0,0,0,0,0,0,0,0,0,0,0,0,0,0,0,0,0	//KN_ONEHAND#원핸드 퀴큰#
496,0,0,200,0,0,0,99,0,0,none,0,0,7134,200,0,0,0,0,0,0,0,0,0,0,0,0,0,0,0,0,0,0,0	//AM_TWILIGHT1#트와이라이트 파머시#
497,0,0,200,0,0,0,99,0,0,none,0,0,7134,200,0,0,0,0,0,0,0,0,0,0,0,0,0,0,0,0,0,0,0	//AM_TWILIGHT2#트와이라이트 파머시#
498,0,0,200,0,0,0,99,0,0,none,0,0,7134,200,0,0,0,0,0,0,0,0,0,0,0,0,0,0,0,0,0,0,0	//AM_TWILIGHT3#트와이라이트 파머시#
499,0,0,12,0,0,0,11,1,1,none,0,0,0,0,0,0,0,0,0,0,0,0,0,0,0,0,0,0,0,0,0,0,0	//HT_POWER#비스트 스트레이핑#

//****
// GS Gunslinger
500,0,0,2,0,0,1,99,0,0,none,0,0,0,0,0,0,0,0,0,0,0,0,0,0,0,0,0,0,0,0,0,0,0	//GS_GLITTERING#플립 더 코인#
501,0,0,10,0,0,0,99,0,0,none,0,5,0,0,0,0,0,0,0,0,0,0,0,0,0,0,0,0,0,0,0,0,0	//GS_FLING#플링#
502,0,0,20,0,0,0,99,99,1,none,0,1,0,0,0,0,0,0,0,0,0,0,0,0,0,0,0,0,0,0,0,0,0	//GS_TRIPLEACTION#트리플 액션#
503,0,0,30,0,0,0,99,99,1,none,0,1,0,0,0,0,0,0,0,0,0,0,0,0,0,0,0,0,0,0,0,0,0	//GS_BULLSEYE#불스 아이#
504,0,0,30,0,0,0,99,0,0,none,0,4,0,0,0,0,0,0,0,0,0,0,0,0,0,0,0,0,0,0,0,0,0	//GS_MADNESSCANCEL#매드니스 캔슬러#
505,0,0,15,0,0,0,99,0,0,none,0,2,0,0,0,0,0,0,0,0,0,0,0,0,0,0,0,0,0,0,0,0,0	//GS_ADJUSTMENT#애드저스트먼트#
506,0,0,30,0,0,0,99,0,0,none,0,4,0,0,0,0,0,0,0,0,0,0,0,0,0,0,0,0,0,0,0,0,0	//GS_INCREASING#인크리징 어큐러시#
507,0,0,7,0,0,0,99,0,0,none,0,1,0,0,0,0,0,0,0,0,0,0,0,0,0,0,0,0,0,0,0,0,0	//GS_MAGICALBULLET#매지컬 블릿#
508,0,0,10,0,0,0,99,99,1,none,0,1,0,0,0,0,0,0,0,0,0,0,0,0,0,0,0,0,0,0,0,0,0	//GS_CRACKER#크래커#
512,0,0,15:20:25:30:35:40:45:50:55:60,0,0,0,17:18,3,1,none,0,0,0,0,0,0,0,0,0,0,0,0,0,0,0,0,0,0,0,0,0,0,0	//GS_TRACKING#트래킹#
513,0,0,15:20:25:30:35,0,0,0,17:18,3,1,none,0,0,0,0,0,0,0,0,0,0,0,0,0,0,0,0,0,0,0,0,0,0,0	//GS_DISARM#디스암#
514,0,0,11:12:13:14:15,0,0,0,17:18,3,1,none,0,0,0,0,0,0,0,0,0,0,0,0,0,0,0,0,0,0,0,0,0,0,0	//GS_PIERCINGSHOT#피어싱 샷#
515,0,0,22:24:26:28:30:32:34:36:38:40,0,0,0,17,3,5,none,0,0,0,0,0,0,0,0,0,0,0,0,0,0,0,0,0,0,0,0,0,0,0	//GS_RAPIDSHOWER#래피드 샤워#
516,0,0,32:34:36:38:40:42:44:46:48:50,0,0,0,17,3,10,none,0,0,0,0,0,0,0,0,0,0,0,0,0,0,0,0,0,0,0,0,0,0,0	//GS_DESPERADO#데스페라도#
517,0,0,30:32:34:36:38:40:42:44:46:48,0,0,0,19,0,0,none,0,0,0,0,0,0,0,0,0,0,0,0,0,0,0,0,0,0,0,0,0,0,0	//GS_GATLINGFEVER#개틀링 피버#
518,0,0,3:6:9:12:15:18:21:24:27:30,0,0,0,20,3,1,none,0,0,0,0,0,0,0,0,0,0,0,0,0,0,0,0,0,0,0,0,0,0,0	//GS_DUST#더스트#
519,0,0,20:25:30:35:40:45:50:55:60:65,0,0,0,20,3,2:2:4:4:6:6:8:8:10:10,none,0,0,0,0,0,0,0,0,0,0,0,0,0,0,0,0,0,0,0,0,0,0,0	//GS_FULLBUSTER#풀 버스터#
520,0,0,15:20:25:30:35:40:45:50:55:60,0,0,0,20,3,5,none,0,0,0,0,0,0,0,0,0,0,0,0,0,0,0,0,0,0,0,0,0,0,0	//GS_SPREADATTACK#스프레드 어택#
521,0,0,4:8:12:16:20:24:28:32:36:40,0,0,0,21,5,1,none,0,0,0,0,0,0,0,0,0,0,0,0,0,0,0,0,0,0,0,0,0,0,0	//GS_GROUNDDRIFT#그라운드 드리프트#

//****
// NJ Ninja
523,0,0,2,0,0,0,99,6,1,none,0,0,0,0,0,0,0,0,0,0,0,0,0,0,0,0,0,0,0,0,0,0,0	//NJ_SYURIKEN#수리검 던지기#
524,0,0,30:25:20:15:10,0,0,0,99,7,1,none,0,0,0,0,0,0,0,0,0,0,0,0,0,0,0,0,0,0,0,0,0,0,0	//NJ_KUNAI#쿠나이 던지기#
525,0,0,20:25:30:35:40,0,0,0,22,0,0,none,0,0,0,0,0,0,0,0,0,0,0,0,0,0,0,0,0,0,0,0,0,0,0	//NJ_HUUMA#풍마수리검 던지기#
526,0,0,50,0,0,500:1000:1500:2000:2500:3000:3500:4000:4500:5000,99,0,0,none,0,0,0,0,0,0,0,0,0,0,0,0,0,0,0,0,0,0,0,0,0,0,0	//NJ_ZENYNAGE#돈 던지기#
527,0,0,15,0,0,0,99,0,0,none,0,0,0,0,0,0,0,0,0,0,0,0,0,0,0,0,0,0,0,0,0,0,0	//NJ_TATAMIGAESHI#다다미 뒤집기#
528,0,0,10:12:14:16:18:20:22:24:26:28,0,0,0,99,0,0,none,0,0,0,0,0,0,0,0,0,0,0,0,0,0,0,0,0,0,0,0,0,0,0	//NJ_KASUMIKIRI#안개 베기#
529,0,0,10,0,0,0,99,0,0,none,SC_HIDING,0,0,0,0,0,0,0,0,0,0,0,0,0,0,0,0,0,0,0,0,0,0	//NJ_SHADOWJUMP#그림자 도약#
530,0,0,14:16:18:20:22,0,0,0,99,0,0,none,SC_HIDING,0,0,0,0,0,0,0,0,0,0,0,0,0,0,0,0,0,0,0,0,0,0	//NJ_KIRIKAGE#그림자 베기#
531,0,0,12:15:18:21:24,0,0,0,99,0,0,none,0,0,0,0,0,0,0,0,0,0,0,0,0,0,0,0,0,0,0,0,0,0,0	//NJ_UTSUSEMI#매미허물 벗기#
532,0,0,30:32:34:36:38:40:42:44:46:48,0,0,0,99,0,0,none,0,0,7524,1,0,0,0,0,0,0,0,0,0,0,0,0,0,0,0,0,0,0,0	//NJ_BUNSINJYUTSU#환영분신#
533,0,0,10,0,0,0,99,0,0,none,0,0,0,0,0,0,0,0,0,0,0,0,0,0,0,0,0,0,0,0,0,0,0	//NJ_NINPOU#인법 수련#
534,0,0,18:20:22:24:26:28:30:32:34:36,0,0,0,99,0,0,none,0,0,0,0,0,0,0,0,0,0,0,0,0,0,0,0,0,0,0,0,0,0,0	//NJ_KOUENKA#홍염화(紅炎華)#
535,0,0,25,0,0,0,99,0,0,none,0,0,7521,1,0,0,0,0,0,0,0,0,0,0,0,0,0,0,0,0,0,0,0	//NJ_KAENSIN#화염진(火炎陣)#
536,0,0,20:25:30:35:40,0,0,0,99,0,0,none,0,0,7521,1,0,0,0,0,0,0,0,0,0,0,0,0,0,0,0,0,0,0,0	//NJ_BAKUENRYU#폭염룡(爆炎龍)#
537,0,0,15:18:21:24:27:30:33:36:39:42,0,0,0,99,0,0,none,0,0,0,0,0,0,0,0,0,0,0,0,0,0,0,0,0,0,0,0,0,0,0	//NJ_HYOUSENSOU#빙섬창(氷閃槍)#
538,0,0,15:18:21:24:27:30:33:36:39:42,0,0,0,99,0,0,none,0,0,7522,1,0,0,0,0,0,0,0,0,0,0,0,0,0,0,0,0,0,0,0	//NJ_SUITON#수둔(水遁)#
539,0,0,40:45:50:55:60,0,0,0,99,0,0,none,0,0,7522,1,0,0,0,0,0,0,0,0,0,0,0,0,0,0,0,0,0,0,0	//NJ_HYOUSYOURAKU#빙정락(氷晶落)#
540,0,0,12:14:16:18:20:22:24:26:28:30,0,0,0,99,0,0,none,0,0,0,0,0,0,0,0,0,0,0,0,0,0,0,0,0,0,0,0,0,0,0	//NJ_HUUJIN#풍인(風刃)#
541,0,0,16:20:24:28:32,0,0,0,99,0,0,none,0,0,7523,1,0,0,0,0,0,0,0,0,0,0,0,0,0,0,0,0,0,0,0	//NJ_RAIGEKISAI#뇌격쇄(雷擊碎)#
542,0,0,24:28:32:36:40,0,0,0,99,0,0,none,0,0,7523,1,0,0,0,0,0,0,0,0,0,0,0,0,0,0,0,0,0,0,0	//NJ_KAMAITACHI#삭풍(朔風)#
543,0,0,20:30:40:50:60,-5,0,0,99,0,0,none,0,0,0,0,0,0,0,0,0,0,0,0,0,0,0,0,0,0,0,0,0,0,0	//NJ_NEN#염(念)#
544,0,0,55:60:65:70:75:80:85:90:95:100,0,0,0,99,0,0,none,0,0,0,0,0,0,0,0,0,0,0,0,0,0,0,0,0,0,0,0,0,0,0	//NJ_ISSEN#일섬#

688,0,0,1,0,0,0,99,0,0,none,0,0,0,0,0,0,0,0,0,0,0,0,0,0,0,0,0,0,0,0,0,0,0	//GM_SANDMAN#잘자라 우리아가#
698,0,0,1,0,0,0,99,0,0,none,0,0,0,0,0,0,0,0,0,0,0,0,0,0,0,0,0,0,0,0,0,0,0	//ALL_WEWISH#홀리 나이트#

1001,0,0,40,0,0,0,99,0,0,none,0,0,0,0,0,0,0,0,0,0,0,0,0,0,0,0,0,0,0,0,0,0,0	//KN_CHARGEATK#차지 어택#
1002,0,0,15,0,0,0,99,0,0,shield,0,0,0,0,0,0,0,0,0,0,0,0,0,0,0,0,0,0,0,0,0,0,0	//CR_SHRINK#슈링크#
1004,0,0,15,0,0,0,99,2,1,none,0,0,0,0,0,0,0,0,0,0,0,0,0,0,0,0,0,0,0,0,0,0,0	//AS_VENOMKNIFE#베넘 나이프#
1005,0,0,25,0,0,0,99,0,0,none,0,0,0,0,0,0,0,0,0,0,0,0,0,0,0,0,0,0,0,0,0,0,0	//RG_CLOSECONFINE#클로즈 컨파인#
1006,0,0,40,0,0,0,99,0,0,none,0,0,0,0,0,0,0,0,0,0,0,0,0,0,0,0,0,0,0,0,0,0,0	//WZ_SIGHTBLASTER#사이트 블래스터#
1007,0,0,30,0,0,0,99,0,0,none,0,0,0,0,0,0,0,0,0,0,0,0,0,0,0,0,0,0,0,0,0,0,0	//SA_CREATECON#엘레멘탈 컨버터 제조#
1008,0,0,30,0,0,0,99,0,0,none,0,0,12115,1,0,0,0,0,0,0,0,0,0,0,0,0,0,0,0,0,0,0,0	//SA_ELEMENTWATER#엘레멘탈 체인지 (수)#
1009,0,0,10,0,0,0,11,0,0,none,0,0,0,0,0,0,0,0,0,0,0,0,0,0,0,0,0,0,0,0,0,0,0	//HT_PHANTASMIC#판타즈믹 애로우#
1010,0,0,20,0,0,0,99,0,0,none,0,0,0,0,0,0,0,0,0,0,0,0,0,0,0,0,0,0,0,0,0,0,0	//BA_PANGVOICE#팽 보이스#
1011,0,0,40,0,0,0,99,0,0,none,0,0,0,0,0,0,0,0,0,0,0,0,0,0,0,0,0,0,0,0,0,0,0	//DC_WINKCHARM#매혹의 윙크#
1013,0,0,10,0,0,0,99,0,0,none,0,0,0,0,0,0,0,0,0,0,0,0,0,0,0,0,0,0,0,0,0,0,0	//BS_GREED#탐욕#
1014,0,0,400,0,0,0,99,0,0,none,0,0,0,0,0,0,0,0,0,0,0,0,0,0,0,0,0,0,0,0,0,0,0	//PR_REDEMPTIO#희생#
1015,0,0,40,0,0,0,99,0,0,none,0,1,0,0,0,0,0,0,0,0,0,0,0,0,0,0,0,0,0,0,0,0,0	//MO_KITRANSLATION#진기주입(振氣注入)#
1016,10,0,20,0,0,0,99,0,0,none,0,0,0,0,0,0,0,0,0,0,0,0,0,0,0,0,0,0,0,0,0,0,0	//MO_BALKYOUNG#발경(發勁)#
1017,0,0,30,0,0,0,99,0,0,none,0,0,12116,1,0,0,0,0,0,0,0,0,0,0,0,0,0,0,0,0,0,0,0	//SA_ELEMENTGROUND#엘레멘탈 체인지 (지)#
1018,0,0,30,0,0,0,99,0,0,none,0,0,12114,1,0,0,0,0,0,0,0,0,0,0,0,0,0,0,0,0,0,0,0	//SA_ELEMENTFIRE#엘레멘탈 체인지 (화)#
1019,0,0,30,0,0,0,99,0,0,none,0,0,12117,1,0,0,0,0,0,0,0,0,0,0,0,0,0,0,0,0,0,0,0	//SA_ELEMENTWIND#엘레멘탈 체인지 (풍)#

//*****
// RK Rune Knight
2001,0,0,40:45:50:55:60,0,0,0,99,0,0,none,0,0,0,0,0,0,0,0,0,0,0,0,0,0,0,0,0,0,0,0,0,0,0	//RK_ENCHANTBLADE#엔첸트 블레이드#
2002,0,0,30:35:40:45:50,0,0,0,99,0,0,none,0,0,0,0,0,0,0,0,0,0,0,0,0,0,0,0,0,0,0,0,0,0,0	//RK_SONICWAVE#소닉 웨이브#
2003,0,0,50:60:65:70:75:80:85:90:95:100,0,0,0,99,0,0,none,0,0,0,0,0,0,0,0,0,0,0,0,0,0,0,0,0,0,0,0,0,0,0	//RK_DEATHBOUND#데스 바운드#
2004,0,0,60,0,0,0,4:5,0,0,none,0,0,0,0,0,0,0,0,0,0,0,0,0,0,0,0,0,0,0,0,0,0,0	//RK_HUNDREDSPEAR#헌드레드 스피어#
2005,0,0,20:24:28:32:36,0,0,0,1:2:3:4:5,0,0,none,0,0,0,0,0,0,0,0,0,0,0,0,0,0,0,0,0,0,0,0,0,0,0	//RK_WINDCUTTER#윈드 커터#
2006,0,0,35:40:45:50:55,0,0,0,1:2:3:4:5,0,0,none,0,0,0,0,0,0,0,0,0,0,0,0,0,0,0,0,0,0,0,0,0,0,0	//RK_IGNITIONBREAK#이그니션 브레이크#
2008,0,0,30:35:40:45:50:55:60:65:70:75,0,0,0,99,0,0,dragon,0,0,0,0,0,0,0,0,0,0,0,0,0,0,0,0,0,0,0,0,0,0,0	//RK_DRAGONBREATH#드래곤 브레스#
2009,0,0,30,0,0,0,99,0,0,dragon,0,0,0,0,0,0,0,0,0,0,0,0,0,0,0,0,0,0,0,0,0,0,0	//RK_DRAGONHOWLING#드래곤 하울링#
2011,0,0,1,0,0,0,99,0,0,none,0,0,0,0,0,0,0,0,0,0,0,0,0,0,0,0,0,0,0,0,0,0,0	//RK_MILLENNIUMSHIELD#밀레니엄 실드#
2012,0,0,1,0,0,0,99,0,0,none,0,0,0,0,0,0,0,0,0,0,0,0,0,0,0,0,0,0,0,0,0,0,0	//RK_CRUSHSTRIKE#크러쉬 스트라이크#
2013,0,0,1,0,0,0,99,0,0,none,0,0,0,0,0,0,0,0,0,0,0,0,0,0,0,0,0,0,0,0,0,0,0	//RK_REFRESH#리프레쉬#
2014,0,0,1,0,0,0,99,0,0,none,0,0,0,0,0,0,0,0,0,0,0,0,0,0,0,0,0,0,0,0,0,0,0	//RK_GIANTGROWTH#자이언트 그로쓰#
2015,0,0,1,0,0,0,99,0,0,none,0,0,0,0,0,0,0,0,0,0,0,0,0,0,0,0,0,0,0,0,0,0,0	//RK_STONEHARDSKIN#스톤하드 스킨#
2016,0,0,1,0,0,0,99,0,0,none,0,0,0,0,0,0,0,0,0,0,0,0,0,0,0,0,0,0,0,0,0,0,0	//RK_VITALITYACTIVATION#바이탈리티 액티베이션#
2017,0,0,1,0,0,0,99,0,0,none,0,0,0,0,0,0,0,0,0,0,0,0,0,0,0,0,0,0,0,0,0,0,0	//RK_STORMBLAST#스톰 블래스트#
2018,0,0,1,0,0,0,99,0,0,none,0,0,0,0,0,0,0,0,0,0,0,0,0,0,0,0,0,0,0,0,0,0,0	//RK_FIGHTINGSPIRIT#파이팅 스피릿#
2019,0,0,1,0,0,0,99,0,0,none,0,0,0,0,0,0,0,0,0,0,0,0,0,0,0,0,0,0,0,0,0,0,0	//RK_ABUNDANCE#어번던스#
2020,0,0,15:18:21:24:27,0,0,0,4:5,0,0,none,0,0,0,0,0,0,0,0,0,0,0,0,0,0,0,0,0,0,0,0,0,0,0	//RK_PHANTOMTHRUST#팬텀 스러스트#

//****
// GC Guilottine Cross
2021,0,0,12:16:20:24:28,0,0,0,99,0,0,none,0,0,0,0,0,0,0,0,0,0,0,0,0,0,0,0,0,0,0,0,0,0,0	//GC_VENOMIMPRESS#베놈 임프레스#
2022,0,0,25,0,0,0,99,0,0,move_enable,0,0,0,0,0,0,0,0,0,0,0,0,0,0,0,0,0,0,0,0,0,0,0	//GC_CROSSIMPACT#크로스 임팩트#
2023,0,0,40,0,0,0,99,0,0,none,0,0,0,0,0,0,0,0,0,0,0,0,0,0,0,0,0,0,0,0,0,0,0	//GC_DARKILLUSION#다크 일루젼#

2025,0,0,10,0,0,0,99,0,0,none,0,0,0,0,0,0,0,0,0,0,0,0,0,0,0,0,0,0,0,0,0,0,0	//GC_CREATENEWPOISON#새로운 독 제조#
2026,0,0,10,0,0,0,99,0,0,none,0,0,6128,1,0,0,0,0,0,0,0,0,0,0,0,0,0,0,0,0,0,0,0	//GC_ANTIDOTE#안티 도트#
2027,0,0,20:24:28:32:36,0,0,0,1:16,0,0,none,0,0,0,0,0,0,0,0,0,0,0,0,0,0,0,0,0,0,0,0,0,0,0	//GC_POISONINGWEAPON#포이즈닝 웨폰#
2028,0,0,40:36:32:28:24,0,0,0,99,0,0,none,0,0,0,0,0,0,0,0,0,0,0,0,0,0,0,0,0,0,0,0,0,0,0	//GC_WEAPONBLOCKING#웨폰 블로킹#
2029,0,0,5:8:11:14:17,0,0,0,99,0,0,none,0,0,0,0,0,0,0,0,0,0,0,0,0,0,0,0,0,0,0,0,0,0,0	//GC_COUNTERSLASH#카운터 슬래쉬#
2030,0,0,20,0,0,0,99,0,0,none,0,0,0,0,0,0,0,0,0,0,0,0,0,0,0,0,0,0,0,0,0,0,0	//GC_WEAPONCRUSH#웨폰 크러쉬#
2031,0,0,30:40:50:60:70,0,0,0,99,0,0,none,SC_POISONINGWEAPON,0,0,0,0,0,0,0,0,0,0,0,0,0,0,0,0,0,0,0,0,0,0	//GC_VENOMPRESSURE#베놈 프렛셔#
2032,0,0,40,0,0,0,99,0,0,none,SC_POISONINGWEAPON,0,0,0,0,0,0,0,0,0,0,0,0,0,0,0,0,0,0,0,0,0,0	//GC_POISONSMOKE#포이즌 스모크#
2033,0,0,45,0,0,0,99,0,0,none,0,0,0,0,0,0,0,0,0,0,0,0,0,0,0,0,0,0,0,0,0,0,0	//GC_CLOAKINGEXCEED#클로킹 익시드#
2034,0,0,30,0,0,0,99,0,0,none,0,0,0,0,0,0,0,0,0,0,0,0,0,0,0,0,0,0,0,0,0,0,0	//GC_PHANTOMMENACE#팬텀 메나스#
2035,0,0,100,10,0,0,99,0,0,none,0,0,0,0,0,0,0,0,0,0,0,0,0,0,0,0,0,0,0,0,0,0,0	//GC_HALLUCINATIONWALK#할루시네이션 워크#
2036,0,0,5,0,0,0,16,0,0,none,0,0,0,0,0,0,0,0,0,0,0,0,0,0,0,0,0,0,0,0,0,0,0	//GC_ROLLINGCUTTER#롤링 커터#
2037,0,0,20:24:28:32:36,0,0,0,16,0,0,none,SC_ROLLINGCUTTER,0,0,0,0,0,0,0,0,0,0,0,0,0,0,0,0,0,0,0,0,0,0	//GC_CROSSRIPPERSLASHER#크로스 리퍼 슬래셔#

//****
// WL Warlock
2201,0,0,50:55:60:65:70,0,0,0,99,0,0,none,0,0,0,0,0,0,0,0,0,0,0,0,0,0,0,0,0,0,0,0,0,0,0	//WL_WHITEIMPRISON#화이트 임프리즌#
2202,0,0,30:35:40:45:50,0,0,0,99,0,0,none,0,0,0,0,0,0,0,0,0,0,0,0,0,0,0,0,0,0,0,0,0,0,0	//WL_SOULEXPANSION#소울 익스펜션#
2203,0,0,40:48:56:64:72,0,0,0,99,0,0,none,0,0,0,0,0,0,0,0,0,0,0,0,0,0,0,0,0,0,0,0,0,0,0	//WL_FROSTMISTY#프로스트 미스티#
2204,0,0,50:60:70:80:90,0,0,0,99,0,0,none,0,0,0,0,0,0,0,0,0,0,0,0,0,0,0,0,0,0,0,0,0,0,0	//WL_JACKFROST#잭 프로스트#
2205,0,0,40:42:44:46:48,0,0,0,99,0,0,none,0,0,0,0,0,0,0,0,0,0,0,0,0,0,0,0,0,0,0,0,0,0,0	//WL_MARSHOFABYSS#마쉬 오브 어비스#
2206,0,0,100:120:140:160:180,0,0,0,99,0,0,none,0,0,0,0,0,0,0,0,0,0,0,0,0,0,0,0,0,0,0,0,0,0,0	//WL_RECOGNIZEDSPELL#리코그나이즈드 스펠#
2207,0,0,32:34:36:38:40,0,0,0,99,0,0,none,0,0,716,2,0,0,0,0,0,0,0,0,0,0,0,0,0,0,0,0,0,0,0	//WL_SIENNAEXECRATE#시에나 엑서크레이트#

2209,0,0,50:60:70:80:90,0,0,0,99,0,0,none,0,0,0,0,0,0,0,0,0,0,0,0,0,0,0,0,0,0,0,0,0,0,0	//WL_STASIS#스테이시스#
2210,0,0,20:24:28:32:36,0,0,0,99,0,0,none,0,0,0,0,0,0,0,0,0,0,0,0,0,0,0,0,0,0,0,0,0,0,0	//WL_DRAINLIFE#드레인 라이프#
2211,0,0,60:70:80:90:100,0,0,0,99,0,0,none,0,0,0,0,0,0,0,0,0,0,0,0,0,0,0,0,0,0,0,0,0,0,0	//WL_CRIMSONROCK#크림즌 록#
2212,0,0,35:40:45:50:55,0,0,0,99,0,0,none,0,0,0,0,0,0,0,0,0,0,0,0,0,0,0,0,0,0,0,0,0,0,0	//WL_HELLINFERNO#헬 인페르노#
2213,0,0,480:560:640:720:800,0,0,0,99,0,0,none,0,0,716,2,0,0,0,0,0,0,0,0,0,0,0,0,0,0,0,0,0,0,0	//WL_COMET#커미트#
2214,0,0,80:90:100:110:120,0,0,0,99,0,0,none,0,0,0,0,0,0,0,0,0,0,0,0,0,0,0,0,0,0,0,0,0,0,0	//WL_CHAINLIGHTNING#체인 라이트닝#
2215,0,0,1,0,0,0,99,0,0,none,0,0,0,0,0,0,0,0,0,0,0,0,0,0,0,0,0,0,0,0,0,0,0	//WL_CHAINLIGHTNING_ATK##
2216,0,0,70:78:86:94:102,0,0,0,99,0,0,none,0,0,0,0,0,0,0,0,0,0,0,0,0,0,0,0,0,0,0,0,0,0,0	//WL_EARTHSTRAIN#어스 스트레인#
2217,0,0,120:150:180:210:240,0,0,0,99,0,0,none,0,0,0,0,0,0,0,0,0,0,0,0,0,0,0,0,0,0,0,0,0,0,0	//WL_TETRAVORTEX#테트라 볼텍스#
2218,0,0,1,0,0,0,99,0,0,none,0,0,0,0,0,0,0,0,0,0,0,0,0,0,0,0,0,0,0,0,0,0,0	//WL_TETRAVORTEX_FIRE##
2219,0,0,1,0,0,0,99,0,0,none,0,0,0,0,0,0,0,0,0,0,0,0,0,0,0,0,0,0,0,0,0,0,0	//WL_TETRAVORTEX_WATER##
2220,0,0,1,0,0,0,99,0,0,none,0,0,0,0,0,0,0,0,0,0,0,0,0,0,0,0,0,0,0,0,0,0,0	//WL_TETRAVORTEX_WIND##
2221,0,0,1,0,0,0,99,0,0,none,0,0,0,0,0,0,0,0,0,0,0,0,0,0,0,0,0,0,0,0,0,0,0	//WL_TETRAVORTEX_GROUND##
2222,0,0,10:12:14:16:18,0,0,0,99,0,0,none,0,0,0,0,0,0,0,0,0,0,0,0,0,0,0,0,0,0,0,0,0,0,0	//WL_SUMMONFB#서몬 파이어볼#
2223,0,0,10:12:14:16:18,0,0,0,99,0,0,none,0,0,0,0,0,0,0,0,0,0,0,0,0,0,0,0,0,0,0,0,0,0,0	//WL_SUMMONBL#서몬 볼 라이트닝#
2224,0,0,10:12:14:16:18,0,0,0,99,0,0,none,0,0,0,0,0,0,0,0,0,0,0,0,0,0,0,0,0,0,0,0,0,0,0	//WL_SUMMONWB#서몬 워터볼#
2225,0,0,1,0,0,0,99,0,0,none,0,0,0,0,0,0,0,0,0,0,0,0,0,0,0,0,0,0,0,0,0,0,0	//WL_SUMMON_ATK_FIRE##
2226,0,0,1,0,0,0,99,0,0,none,0,0,0,0,0,0,0,0,0,0,0,0,0,0,0,0,0,0,0,0,0,0,0	//WL_SUMMON_ATK_WIND##
2227,0,0,1,0,0,0,99,0,0,none,0,0,0,0,0,0,0,0,0,0,0,0,0,0,0,0,0,0,0,0,0,0,0	//WL_SUMMON_ATK_WATER##
2228,0,0,1,0,0,0,99,0,0,none,0,0,0,0,0,0,0,0,0,0,0,0,0,0,0,0,0,0,0,0,0,0,0	//WL_SUMMON_ATK_GROUND##
2229,0,0,10:12:14:16:18,0,0,0,99,0,0,none,0,0,0,0,0,0,0,0,0,0,0,0,0,0,0,0,0,0,0,0,0,0,0	//WL_SUMMONSTONE#서몬 스톤#
2230,0,0,3:20,0,0,0,99,0,0,none,0,0,0,0,0,0,0,0,0,0,0,0,0,0,0,0,0,0,0,0,0,0,0	//WL_RELEASE#릴리즈#
2231,0,0,40,0,0,0,99,0,0,none,0,0,0,0,0,0,0,0,0,0,0,0,0,0,0,0,0,0,0,0,0,0,0	//WL_READING_SB#리딩 스펠북#
//2232,0,0,1,0,0,0,99,0,0,none,0,0,0,0,0,0,0,0,0,0,0,0,0,0,0,0,0,0,0,0,0,0,0							//WL_FREEZE_SP (Passive Skill)

//****
// AB Arch Bishop
2038,0,0,20:23:26:29:32,0,0,0,99,0,0,none,0,0,0,0,0,0,0,0,0,0,0,0,0,0,0,0,0,0,0,0,0,0,0	//AB_JUDEX#쥬덱스#
2039,0,0,30,0,-30,0,99,0,0,none,0,0,0,0,0,0,0,0,0,0,0,0,0,0,0,0,0,0,0,0,0,0,0	//AB_ANCILLA#안실라#
2040,0,0,22:28:34:40:46:52:58:64:70:76,0,0,0,99,0,0,none,0,0,717,1,0,0,0,0,0,0,0,0,0,0,0,0,0,0,0,0,0,0,0	//AB_ADORAMUS#아도라무스#
2041,0,0,280:320:360,0,0,0,99,0,0,none,0,0,0,0,0,0,0,0,0,0,0,0,0,0,0,0,0,0,0,0,0,0,0	//AB_CLEMENTIA#크레멘티아#
2042,0,0,200:220:240,0,0,0,99,0,0,none,0,0,0,0,0,0,0,0,0,0,0,0,0,0,0,0,0,0,0,0,0,0,0	//AB_CANTO#칸토캔디두스#
2043,0,0,200:220:240,0,0,0,99,0,0,none,0,0,0,0,0,0,0,0,0,0,0,0,0,0,0,0,0,0,0,0,0,0,0	//AB_CHEAL#콜루세오힐#
2044,0,0,300,0,0,0,99,0,0,none,0,0,12333,1,523,1,0,0,0,0,0,0,0,0,0,0,0,0,0,0,0,0,0	//AB_EPICLESIS#에피클레시스#
2045,0,0,90:100:110:120:130:140:150:160:170:180,0,0,0,99,0,0,none,0,0,0,0,0,0,0,0,0,0,0,0,0,0,0,0,0,0,0,0,0,0,0	//AB_PRAEFATIO#프라에파티오#
2046,0,0,35:38:41:44:47:50:53:56:59:62,0,0,0,99,0,0,none,0,0,0,0,0,0,0,0,0,0,0,0,0,0,0,0,0,0,0,0,0,0,0	//AB_ORATIO#오라티오#
2047,0,0,50:60:70:80,0,0,0,99,0,0,none,0,0,0,0,0,0,0,0,0,0,0,0,0,0,0,0,0,0,0,0,0,0,0	//AB_LAUDAAGNUS#라우다아그누스#
2048,0,0,50:60:70:80,0,0,0,99,0,0,none,0,0,0,0,0,0,0,0,0,0,0,0,0,0,0,0,0,0,0,0,0,0,0	//AB_LAUDARAMUS#라우다라무스#

2050,0,0,70,0,0,0,99,0,0,none,0,0,0,0,0,0,0,0,0,0,0,0,0,0,0,0,0,0,0,0,0,0,0	//AB_RENOVATIO#레노바티오#
2051,0,0,70:100:130:160:190,0,0,0,99,0,0,none,0,0,0,0,0,0,0,0,0,0,0,0,0,0,0,0,0,0,0,0,0,0,0	//AB_HIGHNESSHEAL#하이네스 힐#
2052,0,0,54:60:66:72:78,0,0,0,99,0,0,none,0,0,0,0,0,0,0,0,0,0,0,0,0,0,0,0,0,0,0,0,0,0,0	//AB_CLEARANCE#클리어런스#
2053,0,0,35:40:45:50:55,0,0,0,99,0,0,none,0,0,0,0,0,0,0,0,0,0,0,0,0,0,0,0,0,0,0,0,0,0,0	//AB_EXPIATIO#엑스피아티오#
2054,0,0,55:60:65:70:75:80:85:90:95:100,0,0,0,99,0,0,none,0,0,0,0,0,0,0,0,0,0,0,0,0,0,0,0,0,0,0,0,0,0,0	//AB_DUPLELIGHT#듀플레 라이트#
2055,0,0,1,0,0,0,99,0,0,none,0,0,0,0,0,0,0,0,0,0,0,0,0,0,0,0,0,0,0,0,0,0,0	//AB_DUPLELIGHT_MELEE#듀플레 라이트#
2056,0,0,1,0,0,0,99,0,0,none,0,0,0,0,0,0,0,0,0,0,0,0,0,0,0,0,0,0,0,0,0,0,0	//AB_DUPLELIGHT_MAGIC#듀플레 라이트#
2057,0,0,64:68:72:76:80,0,0,0,99,0,0,none,0,0,0,0,0,0,0,0,0,0,0,0,0,0,0,0,0,0,0,0,0,0,0	//AB_SILENTIUM#시렌치움#

2515,0,0,100:120:140:160:180,0,0,0,99,0,0,none,0,0,0,0,0,0,0,0,0,0,0,0,0,0,0,0,0,0,0,0,0,0,0	//AB_SECRAMENT#세크라멘트#

//****
// RA Ranger
2233,0,0,30:32:34:36:38:40:42:44:46:48,0,0,0,11,1,10,none,0,0,0,0,0,0,0,0,0,0,0,0,0,0,0,0,0,0,0,0,0,0,0	//RA_ARROWSTORM#애로우 스톰#
2234,0,0,55:60:65:70:75,0,0,0,11,0,0,none,0,0,0,0,0,0,0,0,0,0,0,0,0,0,0,0,0,0,0,0,0,0,0	//RA_FEARBREEZE#피어브리즈#

2236,0,0,30:32:34:36:38:40:42:44:46:48,0,0,0,11,1,1,none,0,0,0,0,0,0,0,0,0,0,0,0,0,0,0,0,0,0,0,0,0,0,0	//RA_AIMEDBOLT#에임드 볼트#
2237,0,0,15,0,0,0,99,0,0,none,0,0,0,0,0,0,0,0,0,0,0,0,0,0,0,0,0,0,0,0,0,0,0	//RA_DETONATOR#디토네이터#
2238,0,0,35,0,0,0,99,0,0,none,0,0,7940,1,0,0,0,0,0,0,0,0,0,0,0,0,0,0,0,0,0,0,0	//RA_ELECTRICSHOCKER#일렉트릭 쇼커#
2239,0,0,20,0,0,0,99,0,0,none,0,0,7940,1,0,0,0,0,0,0,0,0,0,0,0,0,0,0,0,0,0,0,0	//RA_CLUSTERBOMB#클러스터 봄#
2240,0,0,5,0,0,0,99,0,0,none,0,0,6124,0,0,0,0,0,0,0,0,0,0,0,0,0,0,0,0,0,0,0,0	//RA_WUGMASTERY#워그마스터리#
2241,0,0,2,0,0,0,99,0,0,none,0,0,0,0,0,0,0,0,0,0,0,0,0,0,0,0,0,0,0,0,0,0,0	//RA_WUGRIDER#워그라이더#
2242,0,0,4,0,0,0,99,0,0,move_enable,0,0,0,0,0,0,0,0,0,0,0,0,0,0,0,0,0,0,0,0,0,0,0	//RA_WUGDASH#워그 대쉬#
2243,0,0,20:22:24:26:28,0,0,0,99,0,0,none,0,0,0,0,0,0,0,0,0,0,0,0,0,0,0,0,0,0,0,0,0,0,0	//RA_WUGSTRIKE#워그 스트라이크#
2244,0,0,40:42:44:46:48,0,0,0,99,0,0,warg,0,0,0,0,0,0,0,0,0,0,0,0,0,0,0,0,0,0,0,0,0,0,0	//RA_WUGBITE#워그 바이트#

2246,0,0,12,0,0,0,99,0,0,warg,0,0,0,0,0,0,0,0,0,0,0,0,0,0,0,0,0,0,0,0,0,0,0	//RA_SENSITIVEKEEN#예민한 후각#
2247,0,0,40,0,0,0,99,0,0,none,0,0,0,0,0,0,0,0,0,0,0,0,0,0,0,0,0,0,0,0,0,0,0	//RA_CAMOUFLAGE#카무플라쥬#

2249,0,0,10,0,0,0,99,0,0,none,0,0,7940,1,6360,1,0,0,0,0,0,0,0,0,0,0,0,0,0,0,0,0,0	//RA_MAGENTATRAP#마젠타 트랩#
2250,0,0,10,0,0,0,99,0,0,none,0,0,7940,1,6361,1,0,0,0,0,0,0,0,0,0,0,0,0,0,0,0,0,0	//RA_COBALTTRAP#코발트 트랩#
2251,0,0,10,0,0,0,99,0,0,none,0,0,7940,1,6363,1,0,0,0,0,0,0,0,0,0,0,0,0,0,0,0,0,0	//RA_MAIZETRAP#메이즈 트랩#
2252,0,0,10,0,0,0,99,0,0,none,0,0,7940,1,6362,1,0,0,0,0,0,0,0,0,0,0,0,0,0,0,0,0,0	//RA_VERDURETRAP#버듀어 트랩#
2253,0,0,10,0,0,0,99,0,0,none,0,0,7940,1,0,0,0,0,0,0,0,0,0,0,0,0,0,0,0,0,0,0,0	//RA_FIRINGTRAP#파이어링 트랩#
2254,0,0,10,0,0,0,99,0,0,none,0,0,7940,1,0,0,0,0,0,0,0,0,0,0,0,0,0,0,0,0,0,0,0	//RA_ICEBOUNDTRAP#아이스바운드 트랩#

//****
// NC Mechanic
2256,0,0,3:6:9:12:15,0,0,0,99,0,0,mado,0,0,0,0,0,0,0,0,0,0,0,0,0,0,0,0,0,0,0,0,0,0,0	//NC_BOOSTKNUCKLE#부스트 너클#
2257,0,0,50,0,0,0,99,0,0,mado,0,0,0,0,0,0,0,0,0,0,0,0,0,0,0,0,0,0,0,0,0,0,0	//NC_PILEBUNKER#파일 벙커#
2258,0,0,2:4:6,0,0,0,99,0,0,mado,0,0,6145,1,0,0,0,0,0,0,0,0,0,0,0,0,0,0,0,0,0,0,0	//NC_VULCANARM#발칸 암#
2259,0,0,20,0,0,0,99,0,0,mado,0,0,2139,0,6146,1,0,0,0,0,0,0,0,0,0,0,0,0,0,0,0,0,0	//NC_FLAMELAUNCHER#플레어 런쳐#
2260,0,0,20,0,0,0,99,0,0,mado,0,0,6146,1,6147,1,0,0,0,0,0,0,0,0,0,0,0,0,0,0,0,0,0	//NC_COLDSLOWER#콜드 슬로어#
2261,0,0,30:45:60,0,0,0,99,8,1,mado,0,0,6146,1,0,0,0,0,0,0,0,0,0,0,0,0,0,0,0,0,0,0,0	//NC_ARMSCANNON#암즈 캐논#
2262,0,0,20:40:60,0,0,0,99,0,0,mado,0,0,2800,0,6146,1,0,0,0,0,0,0,0,0,0,0,0,0,0,0,0,0,0	//NC_ACCELERATION#액셀레이션#
2263,0,0,25,0,0,0,99,0,0,mado,0,0,6146,1,0,0,0,0,0,0,0,0,0,0,0,0,0,0,0,0,0,0,0	//NC_HOVERING#호버링#
2264,0,0,5,0,0,0,99,0,0,mado,0,0,6146,1,0,0,0,0,0,0,0,0,0,0,0,0,0,0,0,0,0,0,0	//NC_F_SIDESLIDE#프론트 사이트 슬라이드#
2265,0,0,5,0,0,0,99,0,0,mado,0,0,6146,1,0,0,0,0,0,0,0,0,0,0,0,0,0,0,0,0,0,0,0	//NC_B_SIDESLIDE#백 사이트 슬라이드#

2267,0,0,200,0,0,0,99,0,0,mado,0,0,2802,0,6146,3,0,0,0,0,0,0,0,0,0,0,0,0,0,0,0,0,0	//NC_SELFDESTRUCTION#셀프 디스트럭션#
2268,0,0,100,0,0,0,99,0,0,mado,0,0,6360,3,6363,3,6362,3,6361,3,2803,0,0,0,0,0,0,0,0,0,6146,2,0	//NC_SHAPESHIFT#셰이프 쉬프트#
2269,0,0,20,0,0,0,99,0,0,mado,0,0,2804,0,6146,1,0,0,0,0,0,0,0,0,0,0,0,0,0,0,0,0,0	//NC_EMERGENCYCOOL#이머전시 쿨#
2270,0,0,45,0,0,0,99,0,0,mado,0,0,0,0,0,0,0,0,0,0,0,0,0,0,0,0,0,0,0,0,0,0,0	//NC_INFRAREDSCAN#인프라레드 스캔#
2271,0,0,30,0,0,0,99,0,0,mado,0,0,6146,1,0,0,0,0,0,0,0,0,0,0,0,0,0,0,0,0,0,0,0	//NC_ANALYZE#애널라이즈#
2272,0,0,60:70:80,0,0,0,99,0,0,mado,0,0,2805,0,6146,2,0,0,0,0,0,0,0,0,0,0,0,0,0,0,0,0,0	//NC_MAGNETICFIELD#마그네틱 필드#
2273,0,0,80:90:100,0,0,0,99,0,0,mado,0,0,2806,0,6146,1,0,0,0,0,0,0,0,0,0,0,0,0,0,0,0,0,0	//NC_NEUTRALBARRIER#뉴트럴 배리어#
2274,0,0,80:100:120,0,0,0,99,0,0,mado,0,0,2808,0,6146,2,0,0,0,0,0,0,0,0,0,0,0,0,0,0,0,0,0	//NC_STEALTHFIELD#스텔스 필드#
2275,0,0,25:30:35:40:45,0,0,0,99,0,0,mado,0,0,12392,1,12392,1,12393,1,12393,1,12394,1,2807,0,0,0,0,0,0,0,6146,1,0	//NC_REPAIR#리페어#

2278,0,0,20:22:24:26:28,0,0,0,6:7,0,0,none,0,0,0,0,0,0,0,0,0,0,0,0,0,0,0,0,0,0,0,0,0,0,0	//NC_AXEBOOMERANG#액스 부메랑#
2279,0,0,20:22:24:26:28,0,0,0,6:7,0,0,none,0,0,0,0,0,0,0,0,0,0,0,0,0,0,0,0,0,0,0,0,0,0,0	//NC_POWERSWING#파워 스윙#
2280,20:40:60:80:100,0,18:20:22:24:26,0,0,0,6:7,0,0,none,0,0,0,0,0,0,0,0,0,0,0,0,0,0,0,0,0,0,0,0,0,0,0	//NC_AXETORNADO#액스 토네이도#
2281,0,0,25:30:35:40:45,0,0,0,99,0,0,none,0,0,612,0,615,0,998,1,999,2,0,0,0,0,0,0,0,0,0,0,0,0,0	//NC_SILVERSNIPER#FAW 실버 스나이퍼#
2282,0,0,40:45:50:55:60,0,0,0,99,0,0,none,0,0,612,0,615,0,998,2,7054,1,0,0,0,0,0,0,0,0,0,0,0,0,0	//NC_MAGICDECOY#FAW 매직 디코이#
2283,0,0,15,0,0,0,99,0,0,none,0,0,6186,1,0,0,0,0,0,0,0,0,0,0,0,0,0,0,0,0,0,0,0	//NC_DISJOINT#FAW 해제#

//****
// SC Shadow Chaser
2284,0,0,40:45:50:55:60,0,0,0,99,0,0,none,0,0,0,0,0,0,0,0,0,0,0,0,0,0,0,0,0,0,0,0,0,0,0	//SC_STARTMARK##
2285,0,0,40:45:50:55:60:65:70:75:80:85,0,0,0,99,0,0,none,0,0,0,0,0,0,0,0,0,0,0,0,0,0,0,0,0,0,0,0,0,0,0	//SC_REPRODUCE#리프로듀스#
2286,0,0,40:45:50:55:60:65:70:75:80:85,0,0,0,99,0,0,none,0,0,0,0,0,0,0,0,0,0,0,0,0,0,0,0,0,0,0,0,0,0,0	//SC_AUTOSHADOWSPELL#오토 섀도우 스펠#
2287,0,0,40:50:60:70:80,0,0,0,99,0,0,none,0,0,0,0,0,0,0,0,0,0,0,0,0,0,0,0,0,0,0,0,0,0,0	//SC_SHADOWFORM#섀도우 폼#
2288,0,0,22:24:26:28:30:32:34:36:38:40,0,0,0,11,1,3,none,0,0,0,0,0,0,0,0,0,0,0,0,0,0,0,0,0,0,0,0,0,0,0	//SC_TRIANGLESHOT#트라이앵글 샷#
2289,0,0,10:15:20:25:30,0,0,0,99,0,0,none,0,0,6122,0,6123,1,0,0,0,0,0,0,0,0,0,0,0,0,0,0,0,0,0	//SC_BODYPAINT#바디 페인팅#
2290,0,0,100,0,0,0,99,0,0,none,0,0,0,0,0,0,0,0,0,0,0,0,0,0,0,0,0,0,0,0,0,0,0	//SC_INVISIBILITY#인비지빌리티#
2291,0,0,40:44:48:52:56,0,0,0,99,0,0,none,0,0,0,0,0,0,0,0,0,0,0,0,0,0,0,0,0,0,0,0,0,0,0	//SC_DEADLYINFECT#데들리 인펙트#
2292,0,0,30:40:50,0,0,0,99,0,0,none,0,0,6120,1,6121,0,0,0,0,0,0,0,0,0,0,0,0,0,0,0,0,0,0	//SC_ENERVATION#마스커레이드-이너베이션#
2293,0,0,30:40:50,0,0,0,99,0,0,none,0,0,6120,1,6121,0,0,0,0,0,0,0,0,0,0,0,0,0,0,0,0,0,0	//SC_GROOMY#마스커레이드-그루미#
2294,0,0,30:40:50,0,0,0,99,0,0,none,0,0,6120,1,6121,0,0,0,0,0,0,0,0,0,0,0,0,0,0,0,0,0,0	//SC_IGNORANCE#마스커레이드-이그노어런스#
2295,0,0,30:40:50,0,0,0,99,0,0,none,0,0,6120,1,6121,0,0,0,0,0,0,0,0,0,0,0,0,0,0,0,0,0,0	//SC_LAZINESS#마스커레이드-레이지네스#
2296,0,0,30:40:50,0,0,0,99,0,0,none,0,0,6120,1,6121,0,0,0,0,0,0,0,0,0,0,0,0,0,0,0,0,0,0	//SC_UNLUCKY#마스커레이드-언럭키#
2297,0,0,30:40:50,0,0,0,99,0,0,none,0,0,6120,1,6121,0,0,0,0,0,0,0,0,0,0,0,0,0,0,0,0,0,0	//SC_WEAKNESS#마스커레이드-위크니스#
2298,0,0,15:18:21:24:27,0,0,0,99,0,0,none,0,0,0,0,0,0,0,0,0,0,0,0,0,0,0,0,0,0,0,0,0,0,0	//SC_STRIPACCESSARY#스트립 액세서리#
2299,0,0,20:25:30,0,0,0,99,0,0,none,0,0,6122,0,6123,1,0,0,0,0,0,0,0,0,0,0,0,0,0,0,0,0,0	//SC_MANHOLE#맨홀#
2300,0,0,30:36:42,0,0,0,99,0,0,none,0,0,6122,0,6123,1,0,0,0,0,0,0,0,0,0,0,0,0,0,0,0,0,0	//SC_DIMENSIONDOOR#디멘션 도어#
2301,0,0,30:36:42,0,0,0,99,0,0,none,0,0,6122,0,6123,2,0,0,0,0,0,0,0,0,0,0,0,0,0,0,0,0,0	//SC_CHAOSPANIC#카오스 패닉#
2302,0,0,50:55:60,0,0,0,99,0,0,none,0,0,6122,0,6123,2,0,0,0,0,0,0,0,0,0,0,0,0,0,0,0,0,0	//SC_MAELSTROM#마엘슈트롬#
2303,0,0,60:70:80,0,0,0,99,0,0,none,0,0,6122,0,6123,2,0,0,0,0,0,0,0,0,0,0,0,0,0,0,0,0,0	//SC_BLOODYLUST#블러디 러스트#
2304,0,0,24:28:32,0,0,0,99,0,0,none,0,0,6122,0,6123,1,0,0,0,0,0,0,0,0,0,0,0,0,0,0,0,0,0	//SC_FEINTBOMB#페인트 봄#

//****
// LG Royal Guard
2307,0,0,12:16:20:24:28,0,0,0,4:5,0,0,none,0,0,0,0,0,0,0,0,0,0,0,0,0,0,0,0,0,0,0,0,0,0,0	//LG_CANNONSPEAR#캐논 스피어#
2308,0,0,20:20:20:20:20:25:25:25:25:25,0,0,0,4:5,0,0,none,0,0,0,0,0,0,0,0,0,0,0,0,0,0,0,0,0,0,0,0,0,0,0	//LG_BANISHINGPOINT#배니싱 포인트#
2309,0,0,30:45:60,0,0,0,99,0,0,none,0,0,0,0,0,0,0,0,0,0,0,0,0,0,0,0,0,0,0,0,0,0,0	//LG_TRAMPLE#트램플#
2310,0,0,10:12:14:16:18,0,0,0,99,0,0,shield,0,0,0,0,0,0,0,0,0,0,0,0,0,0,0,0,0,0,0,0,0,0,0	//LG_SHIELDPRESS#쉴드 프레스#
2311,0,0,60:80:100:120:140,0,0,0,99,0,0,shield,0,0,0,0,0,0,0,0,0,0,0,0,0,0,0,0,0,0,0,0,0,0,0	//LG_REFLECTDAMAGE#리플렉트 데미지#
2312,0,0,50,0,0,0,4:5,0,0,none,0,0,0,0,0,0,0,0,0,0,0,0,0,0,0,0,0,0,0,0,0,0,0	//LG_PINPOINTATTACK#핀 포인트 어택#
2313,0,0,30,0,0,0,99,0,0,none,0,0,0,0,0,0,0,0,0,0,0,0,0,0,0,0,0,0,0,0,0,0,0	//LG_FORCEOFVANGUARD#포스 오브 뱅가드#
2314,0,0,150,0,0,0,99,0,0,none,0,0,0,0,0,0,0,0,0,0,0,0,0,0,0,0,0,0,0,0,0,0,0	//LG_RAGEBURST#레이지 버스트 어택#
2315,0,0,50,0,0,0,99,0,0,shield,0,0,0,0,0,0,0,0,0,0,0,0,0,0,0,0,0,0,0,0,0,0,0	//LG_SHIELDSPELL#쉴드 스펠#
2316,0,0,20:32:44:56:68,0,0,0,99,0,0,none,0,0,0,0,0,0,0,0,0,0,0,0,0,0,0,0,0,0,0,0,0,0,0	//LG_EXEEDBREAK#익시드 브레이크#
2317,0,0,20:30:40:50:60,0,0,0,4:5,0,0,none,0,0,0,0,0,0,0,0,0,0,0,0,0,0,0,0,0,0,0,0,0,0,0	//LG_OVERBRAND#오버 브랜드#
2318,0,0,75:80:85:90:95,0,0,0,99,0,0,none,0,0,0,0,0,0,0,0,0,0,0,0,0,0,0,0,0,0,0,0,0,0,0	//LG_PRESTIGE#프레스티지#
2319,0,0,30:36:42:48:54,0,0,0,99,0,0,none,0,0,0,0,0,0,0,0,0,0,0,0,0,0,0,0,0,0,0,0,0,0,0	//LG_BANDING#밴딩#
2320,0,0,20:24:28:32:36,0,0,0,4:5,0,0,none,0,0,0,0,0,0,0,0,0,0,0,0,0,0,0,0,0,0,0,0,0,0,0	//LG_MOONSLASHER#문 슬래셔#
2321,0,0,60:65:70:75:80,0,0,0,99,0,0,none,0,0,0,0,0,0,0,0,0,0,0,0,0,0,0,0,0,0,0,0,0,0,0	//LG_RAYOFGENESIS#레이 오브 제네시스#
2322,0,0,40:45:50:55:60,0,0,0,99,0,0,none,0,0,523,2,0,0,0,0,0,0,0,0,0,0,0,0,0,0,0,0,0,0,0	//LG_PIETY#파이어티#
2323,0,0,52:60:68:76:84,0,0,0,99,0,0,shield,0,0,0,0,0,0,0,0,0,0,0,0,0,0,0,0,0,0,0,0,0,0,0	//LG_EARTHDRIVE#어스 드라이브#
2324,0,0,80:90:100:110:120,0,0,0,4:5,0,0,none,0,0,0,0,0,0,0,0,0,0,0,0,0,0,0,0,0,0,0,0,0,0,0	//LG_HESPERUSLIT#헤스페루스 리트#
2325,0,0,80:90:100:110:120,0,0,0,99,0,0,none,0,0,0,0,0,0,0,0,0,0,0,0,0,0,0,0,0,0,0,0,0,0,0	//LG_INSPIRATION#인스피레이션#

//****
// SR Sura
2326,0,0,3:4:5:6:7:8:9:10:11:12,0,0,0,99,0,0,none,0,0,0,0,0,0,0,0,0,0,0,0,0,0,0,0,0,0,0,0,0,0,0	//SR_DRAGONCOMBO#쌍룡각(雙龍脚)#
2327,0,0,8:9:10:11:12,0,0,0,99,0,0,none,0,0,0,0,0,0,0,0,0,0,0,0,0,0,0,0,0,0,0,0,0,0,0	//SR_SKYNETBLOW#천라지망(天羅地網)#
2328,0,0,36:40:44:48:52,0,0,0,99,0,0,none,0,1,0,0,0,0,0,0,0,0,0,0,0,0,0,0,0,0,0,0,0,0,0	//SR_EARTHSHAKER#지뢰진(地雷震)#
2329,0,0,20:30:40:50:60,0,0,0,99,0,0,none,0,2,0,0,0,0,0,0,0,0,0,0,0,0,0,0,0,0,0,0,0,0,0	//SR_FALLENEMPIRE#대전붕추(大纏崩墜)#
2330,0,0,1:2:3:4:5:6:7:8:9:10,-12:-14:-16:-18:-20:-22:-24:-26:-28:-30,-6:-7:-8:-9:-10:-11:-12:-13:-14:-15,0,99,0,0,none,SC_EXPLOSIONSPIRITS,2,0,0,0,0,0,0,0,0,0,0,0,0,0,0,0,0,0,0,0,0,0	//SR_TIGERCANNON#호포(號砲)#
2331,0,0,1,0,-11:-12:-13:-14:-15:-16:-17:-18:-19:-20,0,99,0,0,none,0,5,0,0,0,0,0,0,0,0,0,0,0,0,0,0,0,0,0,0,0,0,0	//SR_HELLGATE##
2332,0,0,150,0,0,0,99,0,0,none,0,0,0,0,0,0,0,0,0,0,0,0,0,0,0,0,0,0,0,0,0,0,0	//SR_RAMPAGEBLASTER#폭기산탄(爆氣散彈)#
2333,0,0,80,0,0,0,99,0,0,none,0,2,0,0,0,0,0,0,0,0,0,0,0,0,0,0,0,0,0,0,0,0,0	//SR_CRESCENTELBOW#파쇄주(破碎柱)#
2334,0,0,40:60:80:100:120,-1:-2:-3:-4:-5,0,0,99,0,0,none,0,0,0,0,0,0,0,0,0,0,0,0,0,0,0,0,0,0,0,0,0,0,0	//SR_CURSEDCIRCLE#주박진(呪縛陣)#
2335,0,0,40,-5:-4:-3:-2:-1,0,0,99,0,0,none,0,1:2:3:4:5,0,0,0,0,0,0,0,0,0,0,0,0,0,0,0,0,0,0,0,0,0	//SR_LIGHTNINGWALK#섬전보(閃電步)#
2336,0,0,10:15:20:25:30,0,0,0,99,0,0,none,0,1,0,0,0,0,0,0,0,0,0,0,0,0,0,0,0,0,0,0,0,0,0	//SR_KNUCKLEARROW#수라신탄(修羅身彈)#
2337,0,0,45,0,0,0,99,0,0,none,0,0,0,0,0,0,0,0,0,0,0,0,0,0,0,0,0,0,0,0,0,0,0	//SR_WINDMILL#선풍퇴(旋風腿)#
2338,0,0,120,0,0,0,99,0,0,none,0,0,0,0,0,0,0,0,0,0,0,0,0,0,0,0,0,0,0,0,0,0,0	//SR_RAISINGDRAGON#잠룡승천(潛龍昇天)#
2339,0,0,1,0,0,0,99,0,0,none,0,0,0,0,0,0,0,0,0,0,0,0,0,0,0,0,0,0,0,0,0,0,0	//SR_GENTLETOUCH##
2340,0,0,10,0,0,0,99,0,0,none,0,0,0,0,0,0,0,0,0,0,0,0,0,0,0,0,0,0,0,0,0,0,0	//SR_ASSIMILATEPOWER#흡기공(吸氣攻)#
2341,0,0,50,0,0,0,99,0,0,none,0,5,0,0,0,0,0,0,0,0,0,0,0,0,0,0,0,0,0,0,0,0,0	//SR_POWERVELOCITY#전기주입(全氣注入)#
2342,0,0,1,0,0,0,99,0,0,none,0,0,0,0,0,0,0,0,0,0,0,0,0,0,0,0,0,0,0,0,0,0,0	//SR_CRESCENTELBOW_AUTOSPELL##
2343,0,0,30,0,-11:-12:-13:-14:-15:-16:-17:-18:-19:-20,0,99,0,0,none,0,5,0,0,0,0,0,0,0,0,0,0,0,0,0,0,0,0,0,0,0,0,0	//SR_GATEOFHELL#나찰파황격(羅刹破凰擊)#
2344,0,0,20:25:30:35:40,0,0,0,99,0,0,none,0,0,0,0,0,0,0,0,0,0,0,0,0,0,0,0,0,0,0,0,0,0,0	//SR_GENTLETOUCH_QUIET#점혈-묵(點穴-默)#
2345,0,0,40:50:60:70:80,0,0,0,99,0,0,none,0,1,0,0,0,0,0,0,0,0,0,0,0,0,0,0,0,0,0,0,0,0,0	//SR_GENTLETOUCH_CURE#점혈-쾌(點穴-快)#
2346,0,0,40:50:60:70:80,-1:-2:-3:-4:-5,0,0,99,0,0,none,0,0,0,0,0,0,0,0,0,0,0,0,0,0,0,0,0,0,0,0,0,0,0	//SR_GENTLETOUCH_ENERGYGAIN#점혈-구(點穴-球)#
2347,0,0,40:50:60:70:80,-2:-4:-6:-8:-10,0,0,99,0,0,none,0,1:2:3:4:5,0,0,0,0,0,0,0,0,0,0,0,0,0,0,0,0,0,0,0,0,0	//SR_GENTLETOUCH_CHANGE#점혈-반(點穴-反)#
2348,0,0,40:50:60:70:80,0,0,0,99,0,0,none,0,1:2:3:4:5,0,0,0,0,0,0,0,0,0,0,0,0,0,0,0,0,0,0,0,0,0	//SR_GENTLETOUCH_REVITALIZE#점혈-활(點穴-活)#
//More from SR Sura (but not following ID order)
2517,0,0,80:90:100:110:120,0,0,0,99,0,0,none,0,1:2:3:4:5,0,0,0,0,0,0,0,0,0,0,0,0,0,0,0,0,0,0,0,0,0	//SR_HOWLINGOFLION#사자후(獅子吼)#
2518,0,0,40:50:60:70:80,0,0,0,99,0,0,none,0,1:2:3:4:5,0,0,0,0,0,0,0,0,0,0,0,0,0,0,0,0,0,0,0,0,0	//SR_RIDEINLIGHTNING#뇌광탄(雷光彈)#

//****
// WA Wanderer
2350,0,0,96:112:128:144:160,0,0,0,13:14,0,0,none,0,0,0,0,0,0,0,0,0,0,0,0,0,0,0,0,0,0,0,0,0,0,0	//WA_SWING_DANCE#스윙 댄스#
2351,0,0,60:69:78:87:96,0,0,0,13:14,0,0,none,0,0,0,0,0,0,0,0,0,0,0,0,0,0,0,0,0,0,0,0,0,0,0	//WA_SYMPHONY_OF_LOVER#연인들을 위한 심포니#
2352,0,0,84:96:108:120:134,0,0,0,13:14,0,0,none,0,0,0,0,0,0,0,0,0,0,0,0,0,0,0,0,0,0,0,0,0,0,0	//WA_MOONLIT_SERENADE#달빛의 세레나데#

//****
// MI Minstrel
2381,0,0,82:88:94:100:106,0,0,0,13:14,0,0,none,0,0,0,0,0,0,0,0,0,0,0,0,0,0,0,0,0,0,0,0,0,0,0	//MI_RUSH_WINDMILL#풍차를 향해 돌격#
2382,0,0,86:92:98:104:110,0,0,0,13:14,0,0,none,0,0,0,0,0,0,0,0,0,0,0,0,0,0,0,0,0,0,0,0,0,0,0	//MI_ECHOSONG#메아리의 노래#
2383,0,0,70:75:80:85:90,0,0,0,13:14,0,0,none,0,0,0,0,0,0,0,0,0,0,0,0,0,0,0,0,0,0,0,0,0,0,0	//MI_HARMONIZE#하모나이즈#

//****
// WM Wanderer/Minstrel
2413,0,0,64:68:72:76:80,0,0,0,99,0,0,none,0,0,0,0,0,0,0,0,0,0,0,0,0,0,0,0,0,0,0,0,0,0,0	//WM_METALICSOUND#메탈릭 사운드#
2414,0,0,28:32:38:42:48,0,0,0,99,0,0,none,0,0,0,0,0,0,0,0,0,0,0,0,0,0,0,0,0,0,0,0,0,0,0	//WM_REVERBERATION#진동 잔향#
2415,0,0,1,0,0,0,99,0,0,none,0,0,0,0,0,0,0,0,0,0,0,0,0,0,0,0,0,0,0,0,0,0,0	//WM_REVERBERATION_MELEE##
2416,0,0,1,0,0,0,99,0,0,none,0,0,0,0,0,0,0,0,0,0,0,0,0,0,0,0,0,0,0,0,0,0,0	//WM_REVERBERATION_MAGIC##
2417,0,0,10,0,0,0,99,0,0,none,0,0,0,0,0,0,0,0,0,0,0,0,0,0,0,0,0,0,0,0,0,0,0	//WM_DOMINION_IMPULSE#도미니온 임펄스#
2418,0,0,80:90:100:110:120,0,0,0,11,1,20,none,0,0,0,0,0,0,0,0,0,0,0,0,0,0,0,0,0,0,0,0,0,0,0	//WM_SEVERE_RAINSTORM#서비어 레인스톰#
2419,0,0,12:16:20:24:28,0,0,0,13:14,0,0,none,0,0,11513,1,0,0,0,0,0,0,0,0,0,0,0,0,0,0,0,0,0,0,0	//WM_POEMOFNETHERWORLD#나락의 노래#
2420,0,0,48:56:64:72:80,0,0,0,13:14,0,0,none,0,0,0,0,0,0,0,0,0,0,0,0,0,0,0,0,0,0,0,0,0,0,0	//WM_VOICEOFSIREN#세이렌의 목소리#
2421,0,0,50:53:56:59:62,0,0,0,13:14,0,0,none,0,0,6144,1,0,0,0,0,0,0,0,0,0,0,0,0,0,0,0,0,0,0,0	//WM_DEADHILLHERE#사망의 골짜기에서#
2422,0,0,80:90:100:110:120,0,0,0,13:14,0,0,none,0,0,0,0,0,0,0,0,0,0,0,0,0,0,0,0,0,0,0,0,0,0,0	//WM_LULLABY_DEEPSLEEP#안식의 자장가#
2423,0,0,42:46:50:54:58,0,0,0,13:14,0,0,none,0,0,0,0,0,0,0,0,0,0,0,0,0,0,0,0,0,0,0,0,0,0,0	//WM_SIRCLEOFNATURE#순환하는 자연의 소리#
2424,0,0,40:45:50:55:60,0,0,0,13:14,0,0,none,0,0,0,0,0,0,0,0,0,0,0,0,0,0,0,0,0,0,0,0,0,0,0	//WM_RANDOMIZESPELL#불확정요소의 언어#
2425,0,0,60:75:90:105:120,0,0,0,13:14,0,0,none,0,0,0,0,0,0,0,0,0,0,0,0,0,0,0,0,0,0,0,0,0,0,0	//WM_GLOOMYDAY#수줍은 하루의 우울#
2426,0,0,80:90:100:110:120,0,0,0,99,0,0,none,0,0,11513,1,0,0,0,0,0,0,0,0,0,0,0,0,0,0,0,0,0,0,0	//WM_GREAT_ECHO#그레이트 에코#
2427,0,0,120:140:160:180:200,0,0,0,13:14,0,0,none,0,0,0,0,0,0,0,0,0,0,0,0,0,0,0,0,0,0,0,0,0,0,0	//WM_SONG_OF_MANA#마나의 노래#
2428,0,0,120:140:160:180:200,0,0,0,13:14,0,0,none,0,0,0,0,0,0,0,0,0,0,0,0,0,0,0,0,0,0,0,0,0,0,0	//WM_DANCE_WITH_WUG#워그와 함께 춤을#
2429,0,0,50:60:70:80:90,0,0,0,13:14,0,0,none,0,0,0,0,0,0,0,0,0,0,0,0,0,0,0,0,0,0,0,0,0,0,0	//WM_SOUND_OF_DESTRUCTION#사운드 오브 디스트럭션#
2430,0,0,150:160:170:180:190,0,0,0,13:14,0,0,none,0,0,0,0,0,0,0,0,0,0,0,0,0,0,0,0,0,0,0,0,0,0,0	//WM_SATURDAY_NIGHT_FEVER#새터데이 나이트 피버#
2431,0,0,120:130:140:150:160,0,0,0,13:14,0,0,none,0,0,0,0,0,0,0,0,0,0,0,0,0,0,0,0,0,0,0,0,0,0,0	//WM_LERADS_DEW#레라드의 이슬#
2432,0,0,120:130:140:150:160,0,0,0,13:14,0,0,none,0,0,0,0,0,0,0,0,0,0,0,0,0,0,0,0,0,0,0,0,0,0,0	//WM_MELODYOFSINK#멜로디 오브 싱크#
2433,0,0,120:130:140:150:160,0,0,0,13:14,0,0,none,0,0,0,0,0,0,0,0,0,0,0,0,0,0,0,0,0,0,0,0,0,0,0	//WM_BEYOND_OF_WARCRY#비욘드 오브 워 크라이#
2434,0,0,120:130:140:150:160,0,0,0,13:14,0,0,none,0,0,0,0,0,0,0,0,0,0,0,0,0,0,0,0,0,0,0,0,0,0,0	//WM_UNLIMITED_HUMMING_VOICE#언리미티드 허밍 보이스#

//****
// SO Sorcerer
2443,0,0,30:34:38:42:46,0,0,0,99,0,0,none,0,0,0,0,0,0,0,0,0,0,0,0,0,0,0,0,0,0,0,0,0,0,0	//SO_FIREWALK#파이어 워크#
2444,0,0,30:34:38:42:46,0,0,0,99,0,0,none,0,0,0,0,0,0,0,0,0,0,0,0,0,0,0,0,0,0,0,0,0,0,0	//SO_ELECTRICWALK#일렉트릭 워크#
2445,0,0,40:44:48:52:56,0,0,0,99,0,0,none,0,0,0,0,0,0,0,0,0,0,0,0,0,0,0,0,0,0,0,0,0,0,0	//SO_SPELLFIST#스펠 피스트#
2446,0,0,62:70:78:86:94,0,0,0,99,0,0,none,0,0,0,0,0,0,0,0,0,0,0,0,0,0,0,0,0,0,0,0,0,0,0	//SO_EARTHGRAVE#어스 그레이브#
2447,0,0,50:56:62:68:74,0,0,0,99,0,0,none,0,0,0,0,0,0,0,0,0,0,0,0,0,0,0,0,0,0,0,0,0,0,0	//SO_DIAMONDDUST#다이아몬드 더스트#
2448,0,0,70:90:110:130:150,0,0,0,99,0,0,none,0,0,0,0,0,0,0,0,0,0,0,0,0,0,0,0,0,0,0,0,0,0,0	//SO_POISON_BUSTER#포이즌 버스터#
2449,0,0,48:56:64:70:78,0,0,0,99,0,0,none,0,0,0,0,0,0,0,0,0,0,0,0,0,0,0,0,0,0,0,0,0,0,0	//SO_PSYCHIC_WAVE#사이킥 웨이브#
2450,0,0,48:56:64:70:78,0,0,0,99,0,0,none,0,0,716,2,0,0,0,0,0,0,0,0,0,0,0,0,0,0,0,0,0,0,0	//SO_CLOUD_KILL#클라우드 킬#
2451,0,0,50:55:60:65:70,0,0,0,99,0,0,none,0,0,0,0,0,0,0,0,0,0,0,0,0,0,0,0,0,0,0,0,0,0,0	//SO_STRIKING#스트라이킹#
2452,0,0,40:52:64:76:88,0,0,0,99,0,0,none,0,0,0,0,0,0,0,0,0,0,0,0,0,0,0,0,0,0,0,0,0,0,0	//SO_WARMER#워머#
2453,0,0,34:42:50:58:66,0,0,0,99,0,0,none,0,0,0,0,0,0,0,0,0,0,0,0,0,0,0,0,0,0,0,0,0,0,0	//SO_VACUUM_EXTREME#바큠 익스트림#
2454,0,0,55:62:69:76:83,0,0,0,99,0,0,none,0,0,0,0,0,0,0,0,0,0,0,0,0,0,0,0,0,0,0,0,0,0,0	//SO_VARETYR_SPEAR#바레티르 스피어#
2455,0,0,30:35:40:45:50,0,0,0,99,0,0,none,0,0,715,1,0,0,0,0,0,0,0,0,0,0,0,0,0,0,0,0,0,0,0	//SO_ARRULLO#아를로#
2456,0,0,10,0,0,0,99,0,0,elementalspirit,0,0,0,0,0,0,0,0,0,0,0,0,0,0,0,0,0,0,0,0,0,0,0	//SO_EL_CONTROL#정령 제어#
2457,0,0,100:150:200,0,0,0,99,0,0,none,0,0,990,3,990,6,994,1,0,0,0,0,0,0,0,0,0,0,0,0,0,0,0	//SO_SUMMON_AGNI#서몬 아그니#
2458,0,0,100:150:200,0,0,0,99,0,0,none,0,0,991,3,991,6,995,1,0,0,0,0,0,0,0,0,0,0,0,0,0,0,0	//SO_SUMMON_AQUA#서몬 아쿠아#
2459,0,0,100:150:200,0,0,0,99,0,0,none,0,0,992,3,992,6,996,1,0,0,0,0,0,0,0,0,0,0,0,0,0,0,0	//SO_SUMMON_VENTUS#서몬 벤투스#
2460,0,0,100:150:200,0,0,0,99,0,0,none,0,0,993,3,993,6,997,1,0,0,0,0,0,0,0,0,0,0,0,0,0,0,0	//SO_SUMMON_TERA#서몬 테라#
2461,0,0,50,0,0,0,99,0,0,elementalspirit,0,0,0,0,0,0,0,0,0,0,0,0,0,0,0,0,0,0,0,0,0,0,0	//SO_EL_ACTION#엘리멘탈 액션#
2462,0,0,10:20,0,0,0,99,0,0,none,0,0,0,0,0,0,0,0,0,0,0,0,0,0,0,0,0,0,0,0,0,0,0	//SO_EL_ANALYSIS#4원소 분석#
2464,0,0,10,0,0,0,99,0,0,elementalspirit,0,0,0,0,0,0,0,0,0,0,0,0,0,0,0,0,0,0,0,0,0,0,0	//SO_EL_CURE#정령 치유#
2465,0,0,22:30:38,0,0,0,99,0,0,none,0,0,6360,1,6360,2,6360,3,0,0,0,0,0,0,0,0,0,0,0,0,0,0,0	//SO_FIRE_INSIGNIA#파이어 인시그니아#
2466,0,0,22:30:38,0,0,0,99,0,0,none,0,0,6361,1,6361,2,6361,3,0,0,0,0,0,0,0,0,0,0,0,0,0,0,0	//SO_WATER_INSIGNIA#워터 인시그니아#
2467,0,0,22:30:38,0,0,0,99,0,0,none,0,0,6362,1,6362,2,6362,3,0,0,0,0,0,0,0,0,0,0,0,0,0,0,0	//SO_WIND_INSIGNIA#윈드 인시그니아#
2468,0,0,22:30:38,0,0,0,99,0,0,none,0,0,6363,1,6363,2,6363,3,0,0,0,0,0,0,0,0,0,0,0,0,0,0,0	//SO_EARTH_INSIGNIA#어스 인시그니아#

//****
// GN Genetic
2476,0,0,30,0,0,0,99,0,0,cart,0,0,0,0,0,0,0,0,0,0,0,0,0,0,0,0,0,0,0,0,0,0,0	//GN_CART_TORNADO#카트 토네이도 어택#
2477,0,0,40:42:46:48:50,0,0,0,99,8,1,cart,0,0,0,0,0,0,0,0,0,0,0,0,0,0,0,0,0,0,0,0,0,0,0	//GN_CARTCANNON#카트 캐논#
2478,0,0,20:24:28:32:36,0,0,0,99,0,0,cart,0,0,0,0,0,0,0,0,0,0,0,0,0,0,0,0,0,0,0,0,0,0,0	//GN_CARTBOOST#카트 부스트#
2479,0,0,22:26:30:34:38,0,0,0,99,0,0,none,0,0,6210,1,0,0,0,0,0,0,0,0,0,0,0,0,0,0,0,0,0,0,0	//GN_THORNS_TRAP#가시나무 덫#
2480,0,0,30:35:40:45:50,0,0,0,99,0,0,none,0,0,6211,1,0,0,0,0,0,0,0,0,0,0,0,0,0,0,0,0,0,0,0	//GN_BLOOD_SUCKER#블러드 서커#
2481,0,0,55:60:65:70:75,0,0,0,99,0,0,none,0,0,6212,1,0,0,0,0,0,0,0,0,0,0,0,0,0,0,0,0,0,0,0	//GN_SPORE_EXPLOSION#스포어 익스플로젼#
2482,0,0,40:50:60:70:80,0,0,0,99,0,0,none,0,0,6210,1,0,0,0,0,0,0,0,0,0,0,0,0,0,0,0,0,0,0,0	//GN_WALLOFTHORN#가시나무 벽#
2483,0,0,24:28:32:36:40:44:48:52:56:60,0,0,0,99,0,0,none,0,0,6210,1,0,0,0,0,0,0,0,0,0,0,0,0,0,0,0,0,0,0,0	//GN_CRAZYWEED#크레이지 위드#
2484,0,0,1,0,0,0,99,0,0,none,0,0,0,0,0,0,0,0,0,0,0,0,0,0,0,0,0,0,0,0,0,0,0	//GN_CRAZYWEED_ATK##
2485,0,0,24:28:32:36:40,0,0,0,99,0,0,none,0,0,7135,1,0,0,0,0,0,0,0,0,0,0,0,0,0,0,0,0,0,0,0	//GN_DEMONIC_FIRE#데모닉 파이어#
2486,0,0,30:35:40:45:50,0,0,0,99,0,0,none,0,0,6216,1,6213,1,6214,1,6215,1,7136,1,0,0,0,0,0,0,0,0,0,0,0	//GN_FIRE_EXPANSION#파이어 익스펜션#
2487,0,0,1,0,0,0,99,0,0,none,0,0,0,0,0,0,0,0,0,0,0,0,0,0,0,0,0,0,0,0,0,0,0	//GN_FIRE_EXPANSION_SMOKE_POWDER##
2488,0,0,1,0,0,0,99,0,0,none,0,0,0,0,0,0,0,0,0,0,0,0,0,0,0,0,0,0,0,0,0,0,0	//GN_FIRE_EXPANSION_TEAR_GAS##
2489,0,0,1,0,0,0,99,0,0,none,0,0,0,0,0,0,0,0,0,0,0,0,0,0,0,0,0,0,0,0,0,0,0	//GN_FIRE_EXPANSION_ACID##
2490,0,0,40:45:50:55:60,0,0,0,99,0,0,none,0,0,7137,1,0,0,0,0,0,0,0,0,0,0,0,0,0,0,0,0,0,0,0	//GN_HELLS_PLANT#헬즈 플랜트#
2491,0,0,1,0,0,0,99,0,0,none,0,0,0,0,0,0,0,0,0,0,0,0,0,0,0,0,0,0,0,0,0,0,0	//GN_HELLS_PLANT_ATK##
2492,0,0,40:45:50:55:60,0,0,0,99,0,0,none,0,0,6217,1,0,0,0,0,0,0,0,0,0,0,0,0,0,0,0,0,0,0,0	//GN_MANDRAGORA#하울링 오브 만드라고라#
2493,0,0,4,0,0,0,99,9,1,none,0,0,0,0,0,0,0,0,0,0,0,0,0,0,0,0,0,0,0,0,0,0,0	//GN_SLINGITEM#슬링 아이템#
2494,0,0,5,0,0,0,99,0,0,none,0,0,0,0,0,0,0,0,0,0,0,0,0,0,0,0,0,0,0,0,0,0,0	//GN_CHANGEMATERIAL#체인지 매터리얼#
2495,0,0,5:40,0,0,0,99,0,0,none,0,0,0,0,0,0,0,0,0,0,0,0,0,0,0,0,0,0,0,0,0,0,0	//GN_MIX_COOKING#믹스 쿠킹#
2496,0,0,5:40,0,0,0,99,0,0,none,0,0,0,0,0,0,0,0,0,0,0,0,0,0,0,0,0,0,0,0,0,0,0	//GN_MAKEBOMB#폭탄 제조#
2497,0,0,12,0,0,0,99,0,0,none,0,0,0,0,0,0,0,0,0,0,0,0,0,0,0,0,0,0,0,0,0,0,0	//GN_S_PHARMACY#스페셜 파머시#
2498,0,0,1,0,0,0,99,0,0,none,0,0,0,0,0,0,0,0,0,0,0,0,0,0,0,0,0,0,0,0,0,0,0	//GN_SLINGITEM_RANGEMELEEATK##

2533,0,0,1,0,0,0,99,0,0,none,0,0,0,0,0,0,0,0,0,0,0,0,0,0,0,0,0,0,0,0,0,0,0	//ALL_ODINS_RECALL#오딘의 리콜#
2534,0,0,1,0,0,0,99,0,0,none,0,0,0,0,0,0,0,0,0,0,0,0,0,0,0,0,0,0,0,0,0,0,0	//RETURN_TO_ELDICASTES#엘 디카스테스로의 귀환#
2535,0,0,1,0,0,0,99,0,0,none,0,0,6377,1,0,0,0,0,0,0,0,0,0,0,0,0,0,0,0,0,0,0,0	//ALL_BUYING_STORE#구매노점 개설 (BUYING STORE)#
2536,0,0,1,0,0,0,99,0,0,none,0,0,0,0,0,0,0,0,0,0,0,0,0,0,0,0,0,0,0,0,0,0,0	//ALL_GUARDIAN_RECALL#수호자의 부름#
2537,0,0,70:100,0,0,0,99,0,0,none,0,0,0,0,0,0,0,0,0,0,0,0,0,0,0,0,0,0,0,0,0,0,0	//ALL_ODINS_POWER#오딘의 힘#

//2538,0,0,1,0,0,0,99,0,0,none,0,0,0,0,0,0,0,0,0,0,0,0,0,0,0,0,0,0,0,0,0,0,0							//BEER_BOTTLE_CAP

//2542,0,0,1,0,0,0,99,0,0,none,0,0,0,0,0,0,0,0,0,0,0,0,0,0,0,0,0,0,0,0,0,0,0							//ALL_TETANY
//2543,0,0,1,0,0,0,99,0,0,none,0,0,0,0,0,0,0,0,0,0,0,0,0,0,0,0,0,0,0,0,0,0,0							//ALL_RAY_OF_PROTECTION
2544,0,0,40,0,0,0,99,0,0,none,0,0,0,0,0,0,0,0,0,0,0,0,0,0,0,0,0,0,0,0,0,0,0	//MC_CARTDECORATE#체인지 카트 2#

//****
// Rebellion
//2551,0,0,1,0,0,0,99,0,0,none,0,0,0,0,0,0,0,0,0,0,0,0,0,0,0,0,0,0,0,0,0,0,0							//RL_GLITTERING_GREED
2552,0,0,10,0,0,100,99,0,0,none,0,0,0,0,0,0,0,0,0,0,0,0,0,0,0,0,0,0,0,0,0,0,0	//RL_RICHS_COIN#리치스 코인#
2553,0,0,40:44:48:52:56,0,0,0,18,3,1,none,0,0,0,0,0,0,0,0,0,0,0,0,0,0,0,0,0,0,0,0,0,0,0	//RL_MASS_SPIRAL#매스 스파이럴#
2554,0,0,55:60:65:70:75,0,0,0,20,3,1,none,0,0,0,0,0,0,0,0,0,0,0,0,0,0,0,0,0,0,0,0,0,0,0	//RL_BANISHING_BUSTER#배니싱 버스터#
2555,0,0,30:32:34:36:38,0,0,0,17:18:19:20:21,0,0,none,0,1,7940,1,0,0,0,0,0,0,0,0,0,0,0,0,0,0,0,0,0,0,0	//RL_B_TRAP#바인드 트랩#
2556,0,0,2,0,0,0,99,0,0,none,0,1,0,0,0,0,0,0,0,0,0,0,0,0,0,0,0,0,0,0,0,0,0	//RL_FLICKER#플리커#
2557,0,0,50:55:60:65:70,0,0,0,20,3,1,none,0,0,0,0,0,0,0,0,0,0,0,0,0,0,0,0,0,0,0,0,0,0,0	//RL_S_STORM#섀터 스톰#
2558,0,0,45,0,0,0,17:18:19:20:21,0,0,none,0,1,0,0,0,0,0,0,0,0,0,0,0,0,0,0,0,0,0,0,0,0,0	//RL_E_CHAIN#이터널 체인#
2559,0,0,5,0,0,0,17:18:19:20:21,3:4:5,1,none,SC_QD_SHOT_READY,0,0,0,0,0,0,0,0,0,0,0,0,0,0,0,0,0,0,0,0,0,0	//RL_QD_SHOT#퀵 드로우 샷#
2560,0,0,10,0,0,0,17:18:19:20:21,0,0,none,0,1,0,0,0,0,0,0,0,0,0,0,0,0,0,0,0,0,0,0,0,0,0	//RL_C_MARKER#크림즌 마커#
2561,0,0,12:14:16:18:20,0,0,0,17,3,5,none,0,0,0,0,0,0,0,0,0,0,0,0,0,0,0,0,0,0,0,0,0,0,0	//RL_FIREDANCE#파이어 댄스#
2562,0,0,45:50:55:60:65,0,0,0,21,0,0,none,0,0,0,0,0,0,0,0,0,0,0,0,0,0,0,0,0,0,0,0,0,0,0	//RL_H_MINE#하울링 마인#
2563,0,0,20:24:28:32:36,0,0,0,99,3,1,none,0,-1,0,0,0,0,0,0,0,0,0,0,0,0,0,0,0,0,0,0,0,0,13201	//RL_P_ALTER#플래티넘 알터#
2564,0,0,10,0,0,0,17,0,0,none,0,1,0,0,0,0,0,0,0,0,0,0,0,0,0,0,0,0,0,0,0,0,0	//RL_FALLEN_ANGEL#펄른 엔젤#
2565,0,0,40:45:50:55:60,0,0,0,19,3,5,none,0,0,0,0,0,0,0,0,0,0,0,0,0,0,0,0,0,0,0,0,0,0,0	//RL_R_TRIP#라운드 트립#
2566,0,0,60:70:80:90:100,0,0,0,21,5,1,none,0,0,0,0,0,0,0,0,0,0,0,0,0,0,0,0,0,0,0,0,0,0,0	//RL_D_TAIL#드래곤 테일#
2567,0,0,70,0,0,0,19,3,10,none,0,0,0,0,0,0,0,0,0,0,0,0,0,0,0,0,0,0,0,0,0,0,0	//RL_FIRE_RAIN#파이어 레인#
2568,0,0,30,0,0,0,99,0,0,none,0,-1,0,0,0,0,0,0,0,0,0,0,0,0,0,0,0,0,0,0,0,0,0	//RL_HEAT_BARREL#히트 배럴#
2569,0,0,80:84:88:92:96,0,0,0,18,0,0,none,0,0,0,0,0,0,0,0,0,0,0,0,0,0,0,0,0,0,0,0,0,0,0	//RL_AM_BLAST#안티 매터리얼 블래스트#
2570,0,0,80:84:88:92:96,0,0,0,20,0,0,none,0,0,0,0,0,0,0,0,0,0,0,0,0,0,0,0,0,0,0,0,0,0,0	//RL_SLUGSHOT#슬러그 샷#
2571,0,0,35:40:45:50:55,0,0,0,18,0,0,none,0,-1,0,0,0,0,0,0,0,0,0,0,0,0,0,0,0,0,0,0,0,0,0	//RL_HAMMER_OF_GOD#해머 오브 갓#
2572,0,0,1,0,0,0,99,0,0,none,0,0,0,0,0,0,0,0,0,0,0,0,0,0,0,0,0,0,0,0,0,0,0	//RL_R_TRIP_PLUSATK##
//2573,0,0,1,0,0,0,99,0,0,none,0,0,0,0,0,0,0,0,0,0,0,0,0,0,0,0,0,0,0,0,0,0,0							//RL_B_FLICKER_ATK
//2574,0,0,1,0,0,0,99,0,0,none,0,0,0,0,0,0,0,0,0,0,0,0,0,0,0,0,0,0,0,0,0,0,0							//RL_GLITTERING_GREED_ATK

//****
// Kagerou/Oboro
3001,0,0,10,0,0,0,99,0,0,none,0,0,0,0,0,0,0,0,0,0,0,0,0,0,0,0,0,0,0,0,0,0,0	//KO_YAMIKUMO#암운#
3004,0,0,10:12:14:16:18,0,0,0,99,0,0,none,0,0,0,0,0,0,0,0,0,0,0,0,0,0,0,0,0,0,0,0,0,0,0	//KO_JYUMONJIKIRI#십자 베기#
3005,0,0,12:16:20:24:28,0,0,0,99,0,0,none,0,0,0,0,0,0,0,0,0,0,0,0,0,0,0,0,0,0,0,0,0,0,0	//KO_SETSUDAN#영혼 절단#
3006,0,0,5:6:7:8:9,0,0,0,99,0,0,none,0,0,13294,1,0,0,0,0,0,0,0,0,0,0,0,0,0,0,0,0,0,0,0	//KO_BAKURETSU#폭발 쿠나이#
3007,0,0,12:14:16:18:20,0,0,0,99,7,8,none,0,0,0,0,0,0,0,0,0,0,0,0,0,0,0,0,0,0,0,0,0,0,0	//KO_HAPPOKUNAI#팔방 쿠나이#
3008,0,0,50,0,0,10000:20000:30000:40000:50000:60000:70000:80000:90000:100000,99,0,0,none,0,0,0,0,0,0,0,0,0,0,0,0,0,0,0,0,0,0,0,0,0,0,0	//KO_MUCHANAGE#마구 던지기#
3009,0,0,24:28:32:36:40,0,0,0,22,0,0,none,0,0,0,0,0,0,0,0,0,0,0,0,0,0,0,0,0,0,0,0,0,0,0	//KO_HUUMARANKA#풍마수리검 난화#
3010,0,0,9:12:15:18:21,0,0,0,99,0,0,none,0,0,6493,3,6493,4,6493,5,6493,6,6493,7,0,0,0,0,0,0,0,0,0,0,0	//KO_MAKIBISHI#마키비시#
3011,0,0,100,0,0,0,99,0,0,none,0,0,0,0,0,0,0,0,0,0,0,0,0,0,0,0,0,0,0,0,0,0,0	//KO_MEIKYOUSISUI#명경지수#
3012,0,0,40:44:48:52:56,0,0,0,99,0,0,none,0,0,0,0,0,0,0,0,0,0,0,0,0,0,0,0,0,0,0,0,0,0,0	//KO_ZANZOU#환술 - 잔상#
3013,0,0,40:44:48:52:56,0,0,0,99,0,0,none,0,0,0,0,0,0,0,0,0,0,0,0,0,0,0,0,0,0,0,0,0,0,0	//KO_KYOUGAKU#환술 - 경악#
3014,0,0,40:44:48:52:56,0,0,0,99,0,0,none,0,0,0,0,0,0,0,0,0,0,0,0,0,0,0,0,0,0,0,0,0,0,0	//KO_JYUSATSU#환술 - 주살#
3015,0,0,20,0,0,0,99,0,0,none,0,0,6512,1,0,0,0,0,0,0,0,0,0,0,0,0,0,0,0,0,0,0,0	//KO_KAHU_ENTEN#화부 : 염천#
3016,0,0,20,0,0,0,99,0,0,none,0,0,6513,1,0,0,0,0,0,0,0,0,0,0,0,0,0,0,0,0,0,0,0	//KO_HYOUHU_HUBUKI#빙부 : 취설#
3017,0,0,20,0,0,0,99,0,0,none,0,0,6514,1,0,0,0,0,0,0,0,0,0,0,0,0,0,0,0,0,0,0,0	//KO_KAZEHU_SEIRAN#풍부 : 청람#
3018,0,0,20,0,0,0,99,0,0,none,0,0,6515,1,0,0,0,0,0,0,0,0,0,0,0,0,0,0,0,0,0,0,0	//KO_DOHU_KOUKAI#토부 : 강괴#
3019,0,0,10,0,0,0,99,0,0,none,0,0,0,0,0,0,0,0,0,0,0,0,0,0,0,0,0,0,0,0,0,0,0	//KO_KAIHOU#술식 해방#
3020,0,0,30,0,0,0,99,0,0,none,0,0,0,0,0,0,0,0,0,0,0,0,0,0,0,0,0,0,0,0,0,0,0	//KO_ZENKAI#술식 전개#
3021,0,0,40:44:48:52:56,0,0,0,99,0,0,none,0,0,0,0,0,0,0,0,0,0,0,0,0,0,0,0,0,0,0,0,0,0,0	//KO_GENWAKU#환술 - 환혹#
3022,0,0,70:75:80:85:90,0,0,0,99,0,0,none,0,0,0,0,0,0,0,0,0,0,0,0,0,0,0,0,0,0,0,0,0,0,0	//KO_IZAYOI#열 여섯번째의 밤#
3023,0,0,25:30:35:40:45,0,0,0,99,0,0,none,0,0,0,0,0,0,0,0,0,0,0,0,0,0,0,0,0,0,0,0,0,0,0	//KG_KAGEHUMI#그림자 밟기#
3024,0,0,50,0,0,0,99,0,0,none,0,0,7524,1,0,0,0,0,0,0,0,0,0,0,0,0,0,0,0,0,0,0,0	//KG_KYOMU#허무의 그림자#
3025,0,0,60:65:70:75:80,0,0,0,99,0,0,none,0,0,6499,1,0,0,0,0,0,0,0,0,0,0,0,0,0,0,0,0,0,0,0	//KG_KAGEMUSYA#그림자무사#
3026,0,0,60:70:80:90:100 ,0,0,0,99,0,0,none,0,0,0,0,0,0,0,0,0,0,0,0,0,0,0,0,0,0,0,0,0,0,0	//OB_ZANGETSU#일그러진 초승달#
3027,0,0,55:60:65:70:75 ,0,0,0,99,0,0,none,0,0,0,0,0,0,0,0,0,0,0,0,0,0,0,0,0,0,0,0,0,0,0	//OB_OBOROGENSOU#흐린 달빛의 환상#
3029,0,0,20:30:40:50:60,0,0,0,99,0,0,none,0,0,0,0,0,0,0,0,0,0,0,0,0,0,0,0,0,0,0,0,0,0,0	//OB_AKAITSUKI#불길한 붉은 달빛#

// EP 14.3 Part 2 3rd Job Skills
5001,0,0,22:34:46:58:70,0,0,0,99,0,0,none,0,0,0,0,0,0,0,0,0,0,0,0,0,0,0,0,0,0,0,0,0,0,0	//GC_DARKCROW#검은 손톱#
5002,0,0,100:120:140:160:180,0,0,0,99,0,0,none,0,0,0,0,0,0,0,0,0,0,0,0,0,0,0,0,0,0,0,0,0,0,0	//RA_UNLIMIT#언리밋#
5003,0,0,60:70:80:90:100,0,0,0,99,0,0,none,0,0,970,1,0,0,0,0,0,0,0,0,0,0,0,0,0,0,0,0,0,0,0	//GN_ILLUSIONDOPING#환각 도핑#
5004,0,0,30:35:40:45:50:55:60:65:70:75,0,0,0,99,0,0,dragon,0,0,0,0,0,0,0,0,0,0,0,0,0,0,0,0,0,0,0,0,0,0,0	//RK_DRAGONBREATH_WATER#드래곤 브레스 - 수#
5005,0,0,1,0,0,0,99,0,0,none,0,0,0,0,0,0,0,0,0,0,0,0,0,0,0,0,0,0,0,0,0,0,0	//RK_LUXANIMA##
5006,0,0,60:70:80:90:100,0,0,0,99,0,0,none,0,0,0,0,0,0,0,0,0,0,0,0,0,0,0,0,0,0,0,0,0,0,0	//NC_MAGMA_ERUPTION#용암 분출#
5007,0,0,200:230:260:290:320,0,0,0,13:14,0,0,none,0,0,6144,1,0,0,0,0,0,0,0,0,0,0,0,0,0,0,0,0,0,0,0	//WM_FRIGG_SONG#풍요의 노래#
5008,0,0,120,0,0,0,99,0,0,elementalspirit2,0,0,717,1,0,0,0,0,0,0,0,0,0,0,0,0,0,0,0,0,0,0,0	//SO_ELEMENTAL_SHIELD#정령의 결계#
5009,0,0,65,0,0,0,99,0,0,none,0,5:5:4:4:3,0,0,0,0,0,0,0,0,0,0,0,0,0,0,0,0,0,0,0,0,0	//SR_FLASHCOMBO#섬광연격(閃光連擊)#
5010,0,0,30:26:22:18:14,0,0,0,99,0,0,none,0,0,7940,1,0,0,0,0,0,0,0,0,0,0,0,0,0,0,0,0,0,0,0	//SC_ESCAPE#긴급탈출#
5011,0,0,30:60:90:120:150,0,0,0,99,0,0,none,0,0,0,0,0,0,0,0,0,0,0,0,0,0,0,0,0,0,0,0,0,0,0	//AB_OFFERTORIUM#오페르토리움#
5012,0,0,100:150:200:250:300,0,0,0,99,0,0,none,0,0,0,0,0,0,0,0,0,0,0,0,0,0,0,0,0,0,0,0,0,0,0	//WL_TELEKINESIS_INTENSE#텔레키네틱 인텐스#
5013,0,0,200:180:160:140:120,0,0,0,99,0,0,none,0,0,0,0,0,0,0,0,0,0,0,0,0,0,0,0,0,0,0,0,0,0,0	//LG_KINGS_GRACE#왕의 가호#
5014,0,0,1,0,0,0,99,0,0,none,0,0,0,0,0,0,0,0,0,0,0,0,0,0,0,0,0,0,0,0,0,0,0	//ALL_FULL_THROTTLE#풀 스로틀#

// Copied Bard / Dancer Skills
//3036,0,0,1,0,0,0,99,0,0,none,0,0,0,0,0,0,0,0,0,0,0,0,0,0,0,0,0,0,0,0,0,0,0							//BA_POEMBRAGI2
//3037,0,0,1,0,0,0,99,0,0,none,0,0,0,0,0,0,0,0,0,0,0,0,0,0,0,0,0,0,0,0,0,0,0							//DC_FORTUNEKISS2

8001,0,0,13:16:19:22:25,0,0,0,99,0,0,none,0,0,545,1,0,0,0,0,0,0,0,0,0,0,0,0,0,0,0,0,0,0,0	//HLIF_HEAL#치유의 손길(힐)#
8002,0,0,20:25:30:35:40,0,0,0,99,0,0,none,0,0,0,0,0,0,0,0,0,0,0,0,0,0,0,0,0,0,0,0,0,0,0	//HLIF_AVOID#긴급회피#
8004,0,0,100,0,0,0,99,0,0,none,0,0,0,0,0,0,0,0,0,0,0,0,0,0,0,0,0,0,0,0,0,0,0	//HLIF_CHANGE#멘탈 체인지#
8005,0,0,10,0,0,0,99,0,0,none,0,0,0,0,0,0,0,0,0,0,0,0,0,0,0,0,0,0,0,0,0,0,0	//HAMI_CASTLE#캐슬링#
8006,0,0,20:25:30:35:40,0,0,0,99,0,0,none,0,0,0,0,0,0,0,0,0,0,0,0,0,0,0,0,0,0,0,0,0,0,0	//HAMI_DEFENCE#디펜스#
8008,0,0,120,0,0,0,99,0,0,none,0,0,0,0,0,0,0,0,0,0,0,0,0,0,0,0,0,0,0,0,0,0,0	//HAMI_BLOODLUST#블러드 러스트#
8009,0,0,4:8:12:16:20,0,0,0,99,0,0,none,0,0,0,0,0,0,0,0,0,0,0,0,0,0,0,0,0,0,0,0,0,0,0	//HFLI_MOON#문라이트#
8010,0,0,30:40:50:60:70,0,0,0,99,0,0,none,0,0,0,0,0,0,0,0,0,0,0,0,0,0,0,0,0,0,0,0,0,0,0	//HFLI_FLEET#플릿 무브#
8011,0,0,30:40:50:60:70,0,0,0,99,0,0,none,0,0,0,0,0,0,0,0,0,0,0,0,0,0,0,0,0,0,0,0,0,0,0	//HFLI_SPEED#오버드 스피드#
8012,0,0,1,0,0,0,99,0,0,none,0,0,0,0,0,0,0,0,0,0,0,0,0,0,0,0,0,0,0,0,0,0,0	//HFLI_SBR44#S.B.R.44#
8013,0,0,22:24:26:28:30,0,0,0,99,0,0,none,0,0,0,0,0,0,0,0,0,0,0,0,0,0,0,0,0,0,0,0,0,0,0	//HVAN_CAPRICE#카프리스#
8014,0,0,40,0,0,0,99,0,0,none,0,0,0,0,0,0,0,0,0,0,0,0,0,0,0,0,0,0,0,0,0,0,0	//HVAN_CHAOTIC#카오틱 베네딕션#
8016,0,0,1,0,0,0,99,0,0,none,0,0,0,0,0,0,0,0,0,0,0,0,0,0,0,0,0,0,0,0,0,0,0	//HVAN_EXPLOSION#바이오 익스플로젼#
8018,0,0,60:80:100:120:140,0,0,0,99,0,0,none,0,0,0,0,0,0,0,0,0,0,0,0,0,0,0,0,0,0,0,0,0,0,0	//MH_SUMMON_LEGION#서몬 레기온#
8019,0,0,48:60:72:84:96,0,0,0,99,0,0,none,0,0,0,0,0,0,0,0,0,0,0,0,0,0,0,0,0,0,0,0,0,0,0	//MH_NEEDLE_OF_PARALYZE#니들 오브 패럴라이즈#
8020,0,0,65:75:85:95:105,0,0,0,99,0,0,none,0,0,0,0,0,0,0,0,0,0,0,0,0,0,0,0,0,0,0,0,0,0,0	//MH_POISON_MIST#포이즌 미스트#
8021,0,0,48:52:56:60:64,0,0,0,99,0,0,none,0,0,0,0,0,0,0,0,0,0,0,0,0,0,0,0,0,0,0,0,0,0,0	//MH_PAIN_KILLER#페인 킬러#
8022,0,0,40:50:60:70:80,0,0,0,99,0,0,none,0,0,0,0,0,0,0,0,0,0,0,0,0,0,0,0,0,0,0,0,0,0,0	//MH_LIGHT_OF_REGENE#재생의 빛#
8023,0,0,70:90:110:130:150,0,0,0,99,0,0,none,0,0,0,0,0,0,0,0,0,0,0,0,0,0,0,0,0,0,0,0,0,0,0	//MH_OVERED_BOOST#오버드 부스트#
8024,0,0,25:30:35:40:45,0,0,0,99,0,0,none,0,0,0,0,0,0,0,0,0,0,0,0,0,0,0,0,0,0,0,0,0,0,0	//MH_ERASER_CUTTER#이레이져 커터#
8025,0,0,90:100:110:120:130,0,0,0,99,0,0,none,0,0,0,0,0,0,0,0,0,0,0,0,0,0,0,0,0,0,0,0,0,0,0	//MH_XENO_SLASHER#제노 슬래셔#
8026,0,0,45:54:63:72:81,0,0,0,99,0,0,none,0,0,0,0,0,0,0,0,0,0,0,0,0,0,0,0,0,0,0,0,0,0,0	//MH_SILENT_BREEZE#사일런트 브리즈#
8027,0,0,35,0,0,0,99,0,0,none,0,0,0,0,0,0,0,0,0,0,0,0,0,0,0,0,0,0,0,0,0,0,0	//MH_STYLE_CHANGE#스타일 체인지#
8028,0,0,20:25:30:35:40,0,0,0,99,0,0,none,0,1,0,0,0,0,0,0,0,0,0,0,0,0,0,0,0,0,0,0,0,0,0	//MH_SONIC_CRAW#소닉 크로우#
8029,0,0,10:15:20:25:30,0,0,0,99,0,0,none,0,1,0,0,0,0,0,0,0,0,0,0,0,0,0,0,0,0,0,0,0,0,0	//MH_SILVERVEIN_RUSH#실버베인 러쉬#
8030,0,0,8:16:24:32:40,0,0,0,99,0,0,none,0,2,0,0,0,0,0,0,0,0,0,0,0,0,0,0,0,0,0,0,0,0,0	//MH_MIDNIGHT_FRENZY#미드나잇 프렌지#
8031,0,0,40:45:50:55:60,0,0,0,99,0,0,none,0,0,0,0,0,0,0,0,0,0,0,0,0,0,0,0,0,0,0,0,0,0,0	//MH_STAHL_HORN#슈탈 호른 : 강철의 뿔#
8032,0,0,60:65:70:75:80,0,0,0,99,0,0,none,0,0,0,0,0,0,0,0,0,0,0,0,0,0,0,0,0,0,0,0,0,0,0	//MH_GOLDENE_FERSE#골덴 페르제 : 황금의 뒤꿈치#
8033,0,0,80:90:100:110:120,0,0,0,99,0,0,none,0,0,0,0,0,0,0,0,0,0,0,0,0,0,0,0,0,0,0,0,0,0,0	//MH_STEINWAND#슈테인반트 : 바위 벽#
8034,0,0,60:68:76:84:100,0,0,0,99,0,0,none,0,0,0,0,0,0,0,0,0,0,0,0,0,0,0,0,0,0,0,0,0,0,0	//MH_HEILIGE_STANGE#하일리게 슈탕에 : 성스러운 창#
8035,0,0,60:65:70:75:80,0,0,0,99,0,0,none,0,0,0,0,0,0,0,0,0,0,0,0,0,0,0,0,0,0,0,0,0,0,0	//MH_ANGRIFFS_MODUS#안그리프 모더스 : 전투 태세#
8036,0,0,20:25:30:35:40,0,0,0,99,0,0,none,0,1,0,0,0,0,0,0,0,0,0,0,0,0,0,0,0,0,0,0,0,0,0	//MH_TINDER_BREAKER#틴더 브레이커#
8037,0,0,10:20:30:40:50,0,0,0,99,0,0,none,0,1,0,0,0,0,0,0,0,0,0,0,0,0,0,0,0,0,0,0,0,0,0	//MH_CBC#C.B.C : 컨티뉴얼 브레이크 콤보#
8038,0,0,24:28:32:36:40,0,0,0,99,0,0,none,0,2,0,0,0,0,0,0,0,0,0,0,0,0,0,0,0,0,0,0,0,0,0	//MH_EQC#E.Q.C : 이터널 퀵 콤보#
8039,0,0,34:38:42:46:50,0,0,0,99,0,0,none,0,0,0,0,0,0,0,0,0,0,0,0,0,0,0,0,0,0,0,0,0,0,0	//MH_MAGMA_FLOW#마그마 플로우#
8040,0,0,54:58:62:66:70,0,0,0,99,0,0,none,0,0,0,0,0,0,0,0,0,0,0,0,0,0,0,0,0,0,0,0,0,0,0	//MH_GRANITIC_ARMOR#그래니틱 아머#
8041,0,0,30:35:40:45:50,0,0,0,99,0,0,none,0,0,0,0,0,0,0,0,0,0,0,0,0,0,0,0,0,0,0,0,0,0,0	//MH_LAVA_SLIDE#라바 슬라이드#
8042,0,0,20:28:36:44:52,0,0,0,99,0,0,none,0,0,0,0,0,0,0,0,0,0,0,0,0,0,0,0,0,0,0,0,0,0,0	//MH_PYROCLASTIC#파이로 클래스틱#
8043,0,0,60:65:70:75:80,0,0,0,99,0,0,none,0,0,0,0,0,0,0,0,0,0,0,0,0,0,0,0,0,0,0,0,0,0,0	//MH_VOLCANIC_ASH#볼캐닉 애쉬#

8201,0,0,8:8:8:8:8:15:15:15:15:15,0,0,0,0:1:2:3:4:5:6:7:8:9:10:12:13:14:15:16:17:18:19:20:21:22,0,0,none,0,0,0,0,0,0,0,0,0,0,0,0,0,0,0,0,0,0,0,0,0,0,0	//MS_BASH#배쉬#
8202,20:20:19:19:18:18:17:17:16:16,0,30,0,0,0,99,0,0,none,0,0,0,0,0,0,0,0,0,0,0,0,0,0,0,0,0,0,0,0,0,0,0	//MS_MAGNUM#매그넘 브레이크#
8203,0,0,13:14:15:16:17:18:19:20:21:22,0,0,0,99,0,0,none,0,0,0,0,0,0,0,0,0,0,0,0,0,0,0,0,0,0,0,0,0,0,0	//MS_BOWLINGBASH#볼링 배쉬#
8204,0,0,50,0,0,0,99,0,0,none,0,0,0,0,0,0,0,0,0,0,0,0,0,0,0,0,0,0,0,0,0,0,0	//MS_PARRYING#패링#
8205,0,0,35:40:45:50:55:60:65:70:75:80,0,0,0,99,0,0,none,0,0,0,0,0,0,0,0,0,0,0,0,0,0,0,0,0,0,0,0,0,0,0	//MS_REFLECTSHIELD#리플렉트 쉴드#
8206,0,0,100,0,0,0,99,0,0,none,0,0,0,0,0,0,0,0,0,0,0,0,0,0,0,0,0,0,0,0,0,0,0	//MS_BERSERK#버서크#
8207,0,0,12,0,0,0,99,1,1,none,0,0,0,0,0,0,0,0,0,0,0,0,0,0,0,0,0,0,0,0,0,0,0	//MA_DOUBLE#더블 스트레이핑#
8208,0,0,15,0,0,0,99,1,1,none,0,0,0,0,0,0,0,0,0,0,0,0,0,0,0,0,0,0,0,0,0,0,0	//MA_SHOWER#애로우 샤워#
8209,0,0,10,0,0,0,99,0,0,none,0,0,0,0,0,0,0,0,0,0,0,0,0,0,0,0,0,0,0,0,0,0,0	//MA_SKIDTRAP#스키드 트랩#
8210,0,0,10,0,0,0,99,0,0,none,0,0,0,0,0,0,0,0,0,0,0,0,0,0,0,0,0,0,0,0,0,0,0	//MA_LANDMINE#랜드마인#
8211,0,0,12,0,0,0,99,0,0,none,0,0,0,0,0,0,0,0,0,0,0,0,0,0,0,0,0,0,0,0,0,0,0	//MA_SANDMAN#샌드맨#
8212,0,0,10,0,0,0,99,0,0,none,0,0,0,0,0,0,0,0,0,0,0,0,0,0,0,0,0,0,0,0,0,0,0	//MA_FREEZINGTRAP#프리징 트랩#
8213,0,0,5,0,0,0,99,0,0,none,0,0,0,0,0,0,0,0,0,0,0,0,0,0,0,0,0,0,0,0,0,0,0	//MA_REMOVETRAP#리무브 트랩#
8214,0,0,15,0,0,0,99,1,1,none,0,0,0,0,0,0,0,0,0,0,0,0,0,0,0,0,0,0,0,0,0,0,0	//MA_CHARGEARROW#차지 애로우#
8215,0,0,18:21:24:27:30,0,0,0,99,1,1,none,0,0,0,0,0,0,0,0,0,0,0,0,0,0,0,0,0,0,0,0,0,0,0	//MA_SHARPSHOOTING#샤프 슈팅#
8216,0,0,7,0,0,0,99,0,0,none,0,0,0,0,0,0,0,0,0,0,0,0,0,0,0,0,0,0,0,0,0,0,0	//ML_PIERCE#피어스#
8217,0,0,12,0,0,0,99,0,0,none,0,0,0,0,0,0,0,0,0,0,0,0,0,0,0,0,0,0,0,0,0,0,0	//ML_BRANDISH#브랜디쉬 스피어#
8218,0,0,18:21:24:27:30,0,0,0,99,0,0,none,0,0,0,0,0,0,0,0,0,0,0,0,0,0,0,0,0,0,0,0,0,0,0	//ML_SPIRALPIERCE#스파이럴 피어스#
8219,0,0,30,0,0,0,99,0,0,shield,0,0,0,0,0,0,0,0,0,0,0,0,0,0,0,0,0,0,0,0,0,0,0	//ML_DEFENDER#디펜더#
8220,0,0,12:14:16:18:20:22:24:26:28:30,0,0,0,99,0,0,none,0,0,0,0,0,0,0,0,0,0,0,0,0,0,0,0,0,0,0,0,0,0,0	//ML_AUTOGUARD#오토 가드#
8221,0,0,25,0,0,0,99,0,0,none,0,0,0,0,0,0,0,0,0,0,0,0,0,0,0,0,0,0,0,0,0,0,0	//ML_DEVOTION#헌신#
8222,0,0,40,0,0,0,99,0,0,none,0,0,0,0,0,0,0,0,0,0,0,0,0,0,0,0,0,0,0,0,0,0,0	//MER_MAGNIFICAT#마나의 축복#
8223,0,0,14:18:22:26:30:34:38:42:46:50,0,0,0,99,0,0,none,0,0,0,0,0,0,0,0,0,0,0,0,0,0,0,0,0,0,0,0,0,0,0	//MER_QUICKEN#웨폰 퀴큰#
8224,0,0,10,0,0,0,99,0,0,none,0,0,0,0,0,0,0,0,0,0,0,0,0,0,0,0,0,0,0,0,0,0,0	//MER_SIGHT#사이트#
8225,0,0,10,0,0,0,99,0,0,none,0,0,0,0,0,0,0,0,0,0,0,0,0,0,0,0,0,0,0,0,0,0,0	//MER_CRASH#크래쉬#
8226,0,0,10,0,0,0,99,0,0,none,0,0,0,0,0,0,0,0,0,0,0,0,0,0,0,0,0,0,0,0,0,0,0	//MER_REGAIN#리게인#
8227,0,0,10,0,0,0,99,0,0,none,0,0,0,0,0,0,0,0,0,0,0,0,0,0,0,0,0,0,0,0,0,0,0	//MER_TENDER#텐더#
8228,0,0,10,0,0,0,99,0,0,none,0,0,0,0,0,0,0,0,0,0,0,0,0,0,0,0,0,0,0,0,0,0,0	//MER_BENEDICTION#베네딕션#
8229,0,0,10,0,0,0,99,0,0,none,0,0,0,0,0,0,0,0,0,0,0,0,0,0,0,0,0,0,0,0,0,0,0	//MER_RECUPERATE#리큐퍼레이트#
8230,0,0,10,0,0,0,99,0,0,none,0,0,0,0,0,0,0,0,0,0,0,0,0,0,0,0,0,0,0,0,0,0,0	//MER_MENTALCURE#멘탈 큐어#
8231,0,0,10,0,0,0,99,0,0,none,0,0,0,0,0,0,0,0,0,0,0,0,0,0,0,0,0,0,0,0,0,0,0	//MER_COMPRESS#컴프레스#
8232,0,0,4:5:6:7:8:9:10:11:12:13,0,0,0,99,0,0,none,0,0,0,0,0,0,0,0,0,0,0,0,0,0,0,0,0,0,0,0,0,0,0	//MER_PROVOKE#프로보크#
8233,0,0,5,0,0,0,99,0,0,none,0,0,0,0,0,0,0,0,0,0,0,0,0,0,0,0,0,0,0,0,0,0,0	//MER_AUTOBERSERK#오토 버서크#
8234,0,0,15:17:19:21:23:25:27:29:31:33,0,0,0,99,0,0,none,0,0,0,0,0,0,0,0,0,0,0,0,0,0,0,0,0,0,0,0,0,0,0	//MER_DECAGI#민첩성 감소#
8235,0,0,5,0,0,0,99,0,0,none,0,0,0,0,0,0,0,0,0,0,0,0,0,0,0,0,0,0,0,0,0,0,0	//MER_SCAPEGOAT#희생양#
8236,0,0,20:20:20:20:20:18:16:14:12:10,0,0,0,99,0,0,none,0,0,0,0,0,0,0,0,0,0,0,0,0,0,0,0,0,0,0,0,0,0,0	//MER_LEXDIVINA#렉스 디비나#
8237,0,0,10,0,0,0,99,0,0,none,0,0,0,0,0,0,0,0,0,0,0,0,0,0,0,0,0,0,0,0,0,0,0	//MER_ESTIMATION#몬스터 정보#
8238,0,0,20:20:20:25:25:25:30:30:30:35,0,0,0,99,0,0,none,0,0,0,0,0,0,0,0,0,0,0,0,0,0,0,0,0,0,0,0,0,0,0	//MER_KYRIE#기리에 엘레이손#
8239,0,0,28:32:36:40:44:48:52:56:60:64,0,0,0,99,0,0,none,0,0,0,0,0,0,0,0,0,0,0,0,0,0,0,0,0,0,0,0,0,0,0	//MER_BLESSING#블레싱#
8240,15,0,18:21:24:27:30:33:36:39:42:45,0,0,0,99,0,0,none,0,0,0,0,0,0,0,0,0,0,0,0,0,0,0,0,0,0,0,0,0,0,0	//MER_INCAGI#민첩성 증가#

// Elemental Spirits Skills
8401,0,0,40,0,0,0,99,0,0,none,0,0,0,0,0,0,0,0,0,0,0,0,0,0,0,0,0,0,0,0,0,0,0	//EL_CIRCLE_OF_FIRE#서클 오브 파이어#
8402,0,0,60,0,0,0,99,0,0,none,0,0,0,0,0,0,0,0,0,0,0,0,0,0,0,0,0,0,0,0,0,0,0	//EL_FIRE_CLOAK#파이어 클록#
8403,0,0,80,0,0,0,99,0,0,none,0,0,0,0,0,0,0,0,0,0,0,0,0,0,0,0,0,0,0,0,0,0,0	//EL_FIRE_MANTLE#파이어 맨틀#
8404,0,0,40,0,0,0,99,0,0,none,0,0,0,0,0,0,0,0,0,0,0,0,0,0,0,0,0,0,0,0,0,0,0	//EL_WATER_SCREEN#워터 스크린#
8405,0,0,60,0,0,0,99,0,0,none,0,0,0,0,0,0,0,0,0,0,0,0,0,0,0,0,0,0,0,0,0,0,0	//EL_WATER_DROP#워터 드롭#
8406,0,0,80,0,0,0,99,0,0,none,0,0,0,0,0,0,0,0,0,0,0,0,0,0,0,0,0,0,0,0,0,0,0	//EL_WATER_BARRIER#워터 배리어#
8407,0,0,40,0,0,0,99,0,0,none,0,0,0,0,0,0,0,0,0,0,0,0,0,0,0,0,0,0,0,0,0,0,0	//EL_WIND_STEP#윈드 스텝#
8408,0,0,60,0,0,0,99,0,0,none,0,0,0,0,0,0,0,0,0,0,0,0,0,0,0,0,0,0,0,0,0,0,0	//EL_WIND_CURTAIN#윈드 커튼#
8409,0,0,80,0,0,0,99,0,0,none,0,0,0,0,0,0,0,0,0,0,0,0,0,0,0,0,0,0,0,0,0,0,0	//EL_ZEPHYR#제피르#
8410,0,0,40,0,0,0,99,0,0,none,0,0,0,0,0,0,0,0,0,0,0,0,0,0,0,0,0,0,0,0,0,0,0	//EL_SOLID_SKIN#솔리드 스킨#
8411,0,0,60,0,0,0,99,0,0,none,0,0,0,0,0,0,0,0,0,0,0,0,0,0,0,0,0,0,0,0,0,0,0	//EL_STONE_SHIELD#스톤 쉴드#
8412,0,0,80,0,0,0,99,0,0,none,0,0,0,0,0,0,0,0,0,0,0,0,0,0,0,0,0,0,0,0,0,0,0	//EL_POWER_OF_GAIA#파워 오브 가이아#
8413,0,0,1,0,0,0,99,0,0,none,0,0,0,0,0,0,0,0,0,0,0,0,0,0,0,0,0,0,0,0,0,0,0	//EL_PYROTECHNIC#파이로 테크닉#
8414,0,0,1,0,0,0,99,0,0,none,0,0,0,0,0,0,0,0,0,0,0,0,0,0,0,0,0,0,0,0,0,0,0	//EL_HEATER#히터#
8415,0,0,1,0,0,0,99,0,0,none,0,0,0,0,0,0,0,0,0,0,0,0,0,0,0,0,0,0,0,0,0,0,0	//EL_TROPIC#트로픽#
8416,0,0,1,0,0,0,99,0,0,none,0,0,0,0,0,0,0,0,0,0,0,0,0,0,0,0,0,0,0,0,0,0,0	//EL_AQUAPLAY#아쿠아 플레이#
8417,0,0,1,0,0,0,99,0,0,none,0,0,0,0,0,0,0,0,0,0,0,0,0,0,0,0,0,0,0,0,0,0,0	//EL_COOLER#쿨러#
8418,0,0,1,0,0,0,99,0,0,none,0,0,0,0,0,0,0,0,0,0,0,0,0,0,0,0,0,0,0,0,0,0,0	//EL_CHILLY_AIR#칠리 에어#
8419,0,0,1,0,0,0,99,0,0,none,0,0,0,0,0,0,0,0,0,0,0,0,0,0,0,0,0,0,0,0,0,0,0	//EL_GUST#거스트#
8420,0,0,1,0,0,0,99,0,0,none,0,0,0,0,0,0,0,0,0,0,0,0,0,0,0,0,0,0,0,0,0,0,0	//EL_BLAST#블래스트#
8421,0,0,1,0,0,0,99,0,0,none,0,0,0,0,0,0,0,0,0,0,0,0,0,0,0,0,0,0,0,0,0,0,0	//EL_WILD_STORM#와일드 스톰#
8422,0,0,1,0,0,0,99,0,0,none,0,0,0,0,0,0,0,0,0,0,0,0,0,0,0,0,0,0,0,0,0,0,0	//EL_PETROLOGY#페트롤로지#
8423,0,0,1,0,0,0,99,0,0,none,0,0,0,0,0,0,0,0,0,0,0,0,0,0,0,0,0,0,0,0,0,0,0	//EL_CURSED_SOIL#커즈드 소일#
8424,0,0,1,0,0,0,99,0,0,none,0,0,0,0,0,0,0,0,0,0,0,0,0,0,0,0,0,0,0,0,0,0,0	//EL_UPHEAVAL#업히벌#
8425,0,0,40,0,0,0,99,0,0,none,0,0,0,0,0,0,0,0,0,0,0,0,0,0,0,0,0,0,0,0,0,0,0	//EL_FIRE_ARROW#파이어 애로우#
8426,0,0,60,0,0,0,99,0,0,none,0,0,0,0,0,0,0,0,0,0,0,0,0,0,0,0,0,0,0,0,0,0,0	//EL_FIRE_BOMB#파이어 봄#
8427,0,0,1,0,0,0,99,0,0,none,0,0,0,0,0,0,0,0,0,0,0,0,0,0,0,0,0,0,0,0,0,0,0	//EL_FIRE_BOMB_ATK#파이어 봄#
8428,0,0,80,0,0,0,99,0,0,none,0,0,0,0,0,0,0,0,0,0,0,0,0,0,0,0,0,0,0,0,0,0,0	//EL_FIRE_WAVE#파이어 웨이브#
8429,0,0,1,0,0,0,99,0,0,none,0,0,0,0,0,0,0,0,0,0,0,0,0,0,0,0,0,0,0,0,0,0,0	//EL_FIRE_WAVE_ATK#파이어 웨이브#
8430,0,0,40,0,0,0,99,0,0,none,0,0,0,0,0,0,0,0,0,0,0,0,0,0,0,0,0,0,0,0,0,0,0	//EL_ICE_NEEDLE#아이스 #
8431,0,0,60,0,0,0,99,0,0,none,0,0,0,0,0,0,0,0,0,0,0,0,0,0,0,0,0,0,0,0,0,0,0	//EL_WATER_SCREW#워터 스크류#
8432,0,0,1,0,0,0,99,0,0,none,0,0,0,0,0,0,0,0,0,0,0,0,0,0,0,0,0,0,0,0,0,0,0	//EL_WATER_SCREW_ATK#워터 스크류#
8433,0,0,80,0,0,0,99,0,0,none,0,0,0,0,0,0,0,0,0,0,0,0,0,0,0,0,0,0,0,0,0,0,0	//EL_TIDAL_WEAPON#타이달 웨폰#
8434,0,0,40,0,0,0,99,0,0,none,0,0,0,0,0,0,0,0,0,0,0,0,0,0,0,0,0,0,0,0,0,0,0	//EL_WIND_SLASH#윈드 슬래쉬#
8435,0,0,60,0,0,0,99,0,0,none,0,0,0,0,0,0,0,0,0,0,0,0,0,0,0,0,0,0,0,0,0,0,0	//EL_HURRICANE#허리케인 레이지#
8436,0,0,1,0,0,0,99,0,0,none,0,0,0,0,0,0,0,0,0,0,0,0,0,0,0,0,0,0,0,0,0,0,0	//EL_HURRICANE_ATK#허리케인 레이지#
8437,0,0,80,0,0,0,99,0,0,none,0,0,0,0,0,0,0,0,0,0,0,0,0,0,0,0,0,0,0,0,0,0,0	//EL_TYPOON_MIS#타이푼 미사일#
8438,0,0,1,0,0,0,99,0,0,none,0,0,0,0,0,0,0,0,0,0,0,0,0,0,0,0,0,0,0,0,0,0,0	//EL_TYPOON_MIS_ATK#타이푼 미사일#
8439,0,0,40,0,0,0,99,0,0,none,0,0,0,0,0,0,0,0,0,0,0,0,0,0,0,0,0,0,0,0,0,0,0	//EL_STONE_HAMMER#스톤 해머#
8440,0,0,60,0,0,0,99,0,0,none,0,0,0,0,0,0,0,0,0,0,0,0,0,0,0,0,0,0,0,0,0,0,0	//EL_ROCK_CRUSHER#록 크러셔#
8441,0,0,1,0,0,0,99,0,0,none,0,0,0,0,0,0,0,0,0,0,0,0,0,0,0,0,0,0,0,0,0,0,0	//EL_ROCK_CRUSHER_ATK#록 크러셔#
8442,0,0,80,0,0,0,99,0,0,none,0,0,0,0,0,0,0,0,0,0,0,0,0,0,0,0,0,0,0,0,0,0,0	//EL_STONE_RAIN#스톤 레인#

// Guild Skills
10010,0,0,1,0,0,0,99,0,0,none,0,0,0,0,0,0,0,0,0,0,0,0,0,0,0,0,0,0,0,0,0,0,0	//GD_BATTLEORDER#전투명령 하달#
10011,0,0,1,0,0,0,99,0,0,none,0,0,0,0,0,0,0,0,0,0,0,0,0,0,0,0,0,0,0,0,0,0,0	//GD_REGENERATION#리제네레이션#
10012,0,0,1,0,0,0,99,0,0,none,0,0,0,0,0,0,0,0,0,0,0,0,0,0,0,0,0,0,0,0,0,0,0	//GD_RESTORE#리스토어#
10013,0,0,1,0,0,0,99,0,0,none,0,0,0,0,0,0,0,0,0,0,0,0,0,0,0,0,0,0,0,0,0,0,0	//GD_EMERGENCYCALL#긴급호출#
