// Job-specific Values Database
//
// Structure of Database:
// JobID,Weight,HPFactor,HPMultiplicator,SPFactor,Unarmed,Dagger,1HSword,2HSword,1HSpear,2HSpear,1HAxe,2HAxe,1HMace,2HMace(unused),Rod,Bow,Knuckle,Instrument,Whip,Book,Katar,Revolver,Rifle,Gatling Gun,Shotgun,Grenade Launcher,Fuuma Shuriken,2HStaff,Shield
//
// 노비스
0,	20000,0    ,500  ,100  ,40  ,55  ,57  ,200 ,200 ,200 ,50  ,200 ,50  ,55  ,65  ,200 ,200 ,200 ,200 ,200 ,200 ,200 ,200 ,200 ,200 ,200 ,200 ,65  ,10
// 검사
1,	28000,70   ,500  ,200  ,40  ,47  ,47  ,54  ,57  ,65  ,55  ,60  ,50  ,55  ,200 ,200 ,200 ,200 ,200 ,200 ,200 ,200 ,200 ,200 ,200 ,200 ,200 ,200 ,5
// 마법사
2,	22000,30   ,500  ,600  ,50  ,50  ,200 ,200 ,200 ,200 ,200 ,200 ,200 ,200 ,55  ,200 ,200 ,200 ,200 ,200 ,200 ,200 ,200 ,200 ,200 ,200 ,200 ,55  ,10
// 궁수
3,	26000,50   ,500  ,200  ,40  ,55  ,200 ,200 ,200 ,200 ,200 ,200 ,200 ,200 ,200 ,50  ,200 ,200 ,200 ,200 ,200 ,200 ,200 ,200 ,200 ,200 ,200 ,200 ,9
// 복사
4,	24000,40   ,500  ,500  ,40  ,200 ,200 ,200 ,200 ,200 ,200 ,200 ,45  ,50  ,60  ,200 ,200 ,200 ,200 ,200 ,200 ,200 ,200 ,200 ,200 ,200 ,200 ,60  ,7
// 상인
5,	28000,40   ,500  ,300  ,40  ,52  ,52  ,200 ,200 ,200 ,48  ,55  ,50  ,55  ,200 ,200 ,200 ,200 ,200 ,200 ,200 ,200 ,200 ,200 ,200 ,200 ,200 ,200 ,5
// 도둑
6,	24000,50   ,500  ,200  ,40  ,48  ,50  ,200 ,200 ,200 ,60  ,200 ,200 ,200 ,200 ,53  ,200 ,200 ,200 ,200 ,200 ,200 ,200 ,200 ,200 ,200 ,200 ,200 ,6
// 기사
7,	28000,150  ,500  ,300  ,40  ,49  ,45  ,52  ,55  ,60  ,50  ,55  ,45  ,50  ,200 ,200 ,200 ,200 ,200 ,200 ,200 ,200 ,200 ,200 ,200 ,200 ,200 ,200 ,5
// 프리스트
8,	26000,75   ,500  ,800  ,40  ,200 ,200 ,200 ,200 ,200 ,200 ,200 ,43  ,48  ,60  ,200 ,60  ,200 ,200 ,44  ,200 ,200 ,200 ,200 ,200 ,200 ,200 ,60  ,5
// 위저드
9,	24000,55   ,500  ,900  ,50  ,54  ,200 ,200 ,200 ,200 ,200 ,200 ,200 ,200 ,53  ,200 ,200 ,200 ,200 ,200 ,200 ,200 ,200 ,200 ,200 ,200 ,200 ,53  ,8
// 블랙스미스
10,	30000,90   ,500  ,400  ,40  ,50  ,50  ,200 ,200 ,200 ,46  ,53  ,48  ,53  ,200 ,200 ,200 ,200 ,200 ,200 ,200 ,200 ,200 ,200 ,200 ,200 ,200 ,200 ,5
// 헌터
11,	27000,85   ,500  ,400  ,40  ,53  ,200 ,200 ,200 ,200 ,200 ,200 ,200 ,200 ,200 ,48  ,200 ,200 ,200 ,200 ,200 ,200 ,200 ,200 ,200 ,200 ,200 ,200 ,9
// 어쌔신
12,	24000,110  ,500  ,400  ,40  ,42  ,50  ,200 ,200 ,200 ,51  ,200 ,200 ,200 ,200 ,200 ,200 ,200 ,200 ,200 ,42  ,200 ,200 ,200 ,200 ,200 ,110 ,200 ,6
// 기사 (페코)
13,	28000,150  ,500  ,300  ,40  ,49  ,45  ,52  ,55  ,60  ,50  ,55  ,45  ,50  ,200 ,200 ,200 ,200 ,200 ,200 ,200 ,200 ,200 ,200 ,200 ,200 ,200 ,200 ,5
// 크루세이더
14,	28000,110  ,700  ,470  ,40  ,48  ,43  ,55  ,53  ,52  ,50  ,55  ,45  ,50  ,200 ,200 ,200 ,200 ,200 ,200 ,200 ,200 ,200 ,200 ,200 ,200 ,200 ,200 ,5
// 몽크
15,	26000,90   ,650  ,470  ,40  ,200 ,200 ,200 ,200 ,200 ,200 ,200 ,43  ,48  ,60  ,200 ,40  ,200 ,200 ,200 ,200 ,200 ,200 ,200 ,200 ,200 ,200 ,58  ,5
// 세이지
16,	24000,75   ,500  ,700  ,45  ,53  ,60  ,200 ,200 ,200 ,200 ,200 ,200 ,200 ,55  ,200 ,200 ,200 ,200 ,43  ,200 ,200 ,200 ,200 ,200 ,200 ,200 ,55  ,5
// 로그
17,	24000,85   ,500  ,500  ,40  ,45  ,50  ,200 ,200 ,200 ,200 ,200 ,200 ,200 ,200 ,50  ,200 ,200 ,200 ,200 ,200 ,200 ,200 ,200 ,200 ,200 ,200 ,200 ,5
// 알케미스트
18,	30000,90   ,500  ,400  ,40  ,50  ,45  ,200 ,200 ,200 ,45  ,52  ,45  ,50  ,200 ,200 ,200 ,200 ,200 ,200 ,200 ,200 ,200 ,200 ,200 ,200 ,200 ,200 ,4
// 바드
19,	27000,75   ,300  ,600  ,40  ,53  ,200 ,200 ,200 ,200 ,200 ,200 ,200 ,200 ,200 ,48  ,200 ,45  ,200 ,200 ,200 ,200 ,200 ,200 ,200 ,200 ,200 ,200 ,7
// 댄서
20,	27000,75   ,300  ,600  ,40  ,53  ,200 ,200 ,200 ,200 ,200 ,200 ,200 ,200 ,200 ,48  ,200 ,200 ,45  ,200 ,200 ,200 ,200 ,200 ,200 ,200 ,200 ,200 ,7
// 크루세이더 (페코)
21,	28000,110  ,700  ,470  ,40  ,48  ,43  ,55  ,53  ,52  ,50  ,55  ,45  ,50  ,200 ,200 ,200 ,200 ,200 ,200 ,200 ,200 ,200 ,200 ,200 ,200 ,200 ,200 ,5
// 웨딩
22,	20000,0    ,500  ,100  ,200 ,200 ,200 ,200 ,200 ,200 ,200 ,200 ,200 ,200 ,200 ,200 ,200 ,200 ,200 ,200 ,200 ,200 ,200 ,200 ,200 ,200 ,200 ,200 ,200
// 슈퍼 노비스
23,	20000,0    ,500  ,100  ,40  ,55  ,57  ,200 ,200 ,200 ,50  ,200 ,50  ,55  ,65  ,200 ,200 ,200 ,200 ,200 ,200 ,200 ,200 ,200 ,200 ,200 ,200 ,65  ,10
// 건슬링거
24,	28000,90   ,650  ,469  ,50  ,200 ,200 ,200 ,200 ,200 ,200 ,200 ,200 ,200 ,200 ,200 ,200 ,200 ,200 ,200 ,200 ,45  ,55  ,50  ,90  ,100 ,200 ,200 ,6
// 닌자
25,	26000,75   ,500  ,540  ,40  ,43  ,200 ,200 ,200 ,200 ,200 ,200 ,200 ,200 ,200 ,200 ,200 ,200 ,200 ,200 ,200 ,200 ,200 ,200 ,200 ,200 ,55  ,200 ,6
// 하이 노비스
4001,	20000,0    ,500  ,100  ,40  ,55  ,57  ,200 ,200 ,200 ,50  ,200 ,50  ,55  ,65  ,200 ,200 ,200 ,200 ,200 ,200 ,200 ,200 ,200 ,200 ,200 ,200 ,65  ,10
// 하이 검사
4002,	28000,70   ,500  ,200  ,40  ,47  ,47  ,54  ,57  ,65  ,55  ,60  ,50  ,55  ,200 ,200 ,200 ,200 ,200 ,200 ,200 ,200 ,200 ,200 ,200 ,200 ,200 ,200 ,5
// 하이 마법사
4003,	22000,30   ,500  ,600  ,50  ,50  ,200 ,200 ,200 ,200 ,200 ,200 ,200 ,200 ,55  ,200 ,200 ,200 ,200 ,200 ,200 ,200 ,200 ,200 ,200 ,200 ,200 ,55  ,10
// 하이 궁수
4004,	26000,50   ,500  ,200  ,40  ,55  ,200 ,200 ,200 ,200 ,200 ,200 ,200 ,200 ,200 ,50  ,200 ,200 ,200 ,200 ,200 ,200 ,200 ,200 ,200 ,200 ,200 ,200 ,9
// 하이 복사
4005,	24000,40   ,500  ,500  ,40  ,200 ,200 ,200 ,200 ,200 ,200 ,200 ,45  ,50  ,60  ,200 ,200 ,200 ,200 ,200 ,200 ,200 ,200 ,200 ,200 ,200 ,200 ,60  ,7
// 하이 상인
4006,	28000,40   ,500  ,300  ,40  ,52  ,52  ,200 ,200 ,200 ,48  ,55  ,50  ,55  ,200 ,200 ,200 ,200 ,200 ,200 ,200 ,200 ,200 ,200 ,200 ,200 ,200 ,200 ,5
// 하이 도둑
4007,	24000,50   ,500  ,200  ,40  ,48  ,50  ,200 ,200 ,200 ,60  ,200 ,200 ,200 ,200 ,53  ,200 ,200 ,200 ,200 ,200 ,200 ,200 ,200 ,200 ,200 ,200 ,200 ,6
// 로드 나이트
4008,	28000,150  ,500  ,300  ,40  ,49  ,45  ,52  ,55  ,60  ,50  ,55  ,45  ,50  ,200 ,200 ,200 ,200 ,200 ,200 ,200 ,200 ,200 ,200 ,200 ,200 ,200 ,200 ,5
// 하이 프리스트
4009,	26000,75   ,500  ,800  ,40  ,200 ,200 ,200 ,200 ,200 ,200 ,200 ,43  ,48  ,60  ,200 ,60  ,200 ,200 ,44  ,200 ,200 ,200 ,200 ,200 ,200 ,200 ,60  ,5
// 하이 위저드
4010,	24000,55   ,500  ,900  ,50  ,54  ,200 ,200 ,200 ,200 ,200 ,200 ,200 ,200 ,53  ,200 ,200 ,200 ,200 ,200 ,200 ,200 ,200 ,200 ,200 ,200 ,200 ,53  ,8
// 화이트스미스
4011,	30000,90   ,500  ,400  ,40  ,50  ,50  ,200 ,200 ,200 ,46  ,53  ,48  ,53  ,200 ,200 ,200 ,200 ,200 ,200 ,200 ,200 ,200 ,200 ,200 ,200 ,200 ,200 ,5
// 스나이퍼
4012,	27000,85   ,500  ,400  ,40  ,53  ,200 ,200 ,200 ,200 ,200 ,200 ,200 ,200 ,200 ,48  ,200 ,200 ,200 ,200 ,200 ,200 ,200 ,200 ,200 ,200 ,200 ,200 ,9
// 어쌔신 크로스
4013,	24000,110  ,500  ,400  ,40  ,42  ,50  ,200 ,200 ,200 ,51  ,200 ,200 ,200 ,200 ,200 ,200 ,200 ,200 ,200 ,42  ,200 ,200 ,200 ,200 ,200 ,110 ,200 ,6
// 로드 나이트 (페코)
4014,	28000,150  ,500  ,300  ,40  ,49  ,45  ,52  ,55  ,60  ,50  ,55  ,45  ,50  ,200 ,200 ,200 ,200 ,200 ,200 ,200 ,200 ,200 ,200 ,200 ,200 ,200 ,200 ,5
// 팔라딘
4015,	28000,110  ,700  ,470  ,40  ,48  ,43  ,55  ,53  ,52  ,50  ,55  ,45  ,50  ,200 ,200 ,200 ,200 ,200 ,200 ,200 ,200 ,200 ,200 ,200 ,200 ,200 ,200 ,5
// 챔피언
4016,	26000,90   ,650  ,470  ,40  ,200 ,200 ,200 ,200 ,200 ,200 ,200 ,43  ,48  ,60  ,200 ,40  ,200 ,200 ,200 ,200 ,200 ,200 ,200 ,200 ,200 ,200 ,58  ,5
// 프로페서
4017,	24000,75   ,500  ,700  ,45  ,53  ,60  ,200 ,200 ,200 ,200 ,200 ,200 ,200 ,55  ,200 ,200 ,200 ,200 ,43  ,200 ,200 ,200 ,200 ,200 ,200 ,200 ,55  ,5
// 스토커
4018,	24000,85   ,500  ,500  ,40  ,45  ,50  ,200 ,200 ,200 ,200 ,200 ,200 ,200 ,200 ,50  ,200 ,200 ,200 ,200 ,200 ,200 ,200 ,200 ,200 ,200 ,200 ,200 ,5
// 크리에이터
4019,	30000,90   ,500  ,400  ,40  ,50  ,45  ,200 ,200 ,200 ,45  ,52  ,45  ,50  ,200 ,200 ,200 ,200 ,200 ,200 ,200 ,200 ,200 ,200 ,200 ,200 ,200 ,200 ,4
// 크로운
4020,	27000,75   ,300  ,600  ,40  ,53  ,200 ,200 ,200 ,200 ,200 ,200 ,200 ,200 ,200 ,48  ,200 ,45  ,200 ,200 ,200 ,200 ,200 ,200 ,200 ,200 ,200 ,200 ,7
// 집시
4021,	27000,75   ,300  ,600  ,40  ,53  ,200 ,200 ,200 ,200 ,200 ,200 ,200 ,200 ,200 ,48  ,200 ,200 ,45  ,200 ,200 ,200 ,200 ,200 ,200 ,200 ,200 ,200 ,7
// 팔라딘 (페코)
4022,	28000,110  ,700  ,470  ,40  ,48  ,43  ,55  ,53  ,52  ,50  ,55  ,45  ,50  ,200 ,200 ,200 ,200 ,200 ,200 ,200 ,200 ,200 ,200 ,200 ,200 ,200 ,200 ,5
// 베이비노비스
4023,	20000,0    ,500  ,100  ,40  ,55  ,57  ,200 ,200 ,200 ,50  ,200 ,50  ,55  ,65  ,200 ,200 ,200 ,200 ,200 ,200 ,200 ,200 ,200 ,200 ,200 ,200 ,65  ,10
// 베이비검사
4024,	28000,70   ,500  ,200  ,40  ,47  ,47  ,54  ,57  ,65  ,55  ,60  ,50  ,55  ,200 ,200 ,200 ,200 ,200 ,200 ,200 ,200 ,200 ,200 ,200 ,200 ,200 ,200 ,5
// 베이비마법사
4025,	22000,30   ,500  ,600  ,50  ,50  ,200 ,200 ,200 ,200 ,200 ,200 ,200 ,200 ,55  ,200 ,200 ,200 ,200 ,200 ,200 ,200 ,200 ,200 ,200 ,200 ,200 ,55  ,10
// 베이비궁수
4026,	26000,50   ,500  ,200  ,40  ,55  ,200 ,200 ,200 ,200 ,200 ,200 ,200 ,200 ,200 ,50  ,200 ,200 ,200 ,200 ,200 ,200 ,200 ,200 ,200 ,200 ,200 ,200 ,9
// 베이비복사
4027,	24000,40   ,500  ,500  ,40  ,200 ,200 ,200 ,200 ,200 ,200 ,200 ,45  ,50  ,60  ,200 ,200 ,200 ,200 ,200 ,200 ,200 ,200 ,200 ,200 ,200 ,200 ,60  ,7
// 베이비상인
4028,	28000,40   ,500  ,300  ,40  ,52  ,52  ,200 ,200 ,200 ,48  ,55  ,50  ,55  ,200 ,200 ,200 ,200 ,200 ,200 ,200 ,200 ,200 ,200 ,200 ,200 ,200 ,200 ,5
// 베이비도둑
4029,	24000,50   ,500  ,200  ,40  ,48  ,50  ,200 ,200 ,200 ,60  ,200 ,200 ,200 ,200 ,53  ,200 ,200 ,200 ,200 ,200 ,200 ,200 ,200 ,200 ,200 ,200 ,200 ,6
// 베이비기사
4030,	28000,150  ,500  ,300  ,40  ,49  ,45  ,52  ,55  ,60  ,50  ,55  ,45  ,50  ,200 ,200 ,200 ,200 ,200 ,200 ,200 ,200 ,200 ,200 ,200 ,200 ,200 ,200 ,5
// 베이비프리스트
4031,	26000,75   ,500  ,800  ,40  ,200 ,200 ,200 ,200 ,200 ,200 ,200 ,43  ,48  ,60  ,200 ,60  ,200 ,200 ,44  ,200 ,200 ,200 ,200 ,200 ,200 ,200 ,60  ,5
// 베이비위저드
4032,	24000,55   ,500  ,900  ,50  ,54  ,200 ,200 ,200 ,200 ,200 ,200 ,200 ,200 ,53  ,200 ,200 ,200 ,200 ,200 ,200 ,200 ,200 ,200 ,200 ,200 ,200 ,53  ,8
// 베이비블랙스미스
4033,	30000,90   ,500  ,400  ,40  ,50  ,50  ,200 ,200 ,200 ,46  ,53  ,48  ,53  ,200 ,200 ,200 ,200 ,200 ,200 ,200 ,200 ,200 ,200 ,200 ,200 ,200 ,200 ,5
// 베이비헌터
4034,	27000,85   ,500  ,400  ,40  ,53  ,200 ,200 ,200 ,200 ,200 ,200 ,200 ,200 ,200 ,48  ,200 ,200 ,200 ,200 ,200 ,200 ,200 ,200 ,200 ,200 ,200 ,200 ,9
// 베이비어쌔신
4035,	24000,110  ,500  ,400  ,40  ,42  ,50  ,200 ,200 ,200 ,51  ,200 ,200 ,200 ,200 ,200 ,200 ,200 ,200 ,200 ,42  ,200 ,200 ,200 ,200 ,200 ,110 ,200 ,6
// 베이비기사 (페코)
4036,	28000,150  ,500  ,300  ,40  ,49  ,45  ,52  ,55  ,60  ,50  ,55  ,45  ,50  ,200 ,200 ,200 ,200 ,200 ,200 ,200 ,200 ,200 ,200 ,200 ,200 ,200 ,200 ,5
// 베이비크루세이더
4037,	28000,110  ,700  ,470  ,40  ,48  ,43  ,55  ,53  ,52  ,50  ,55  ,45  ,50  ,200 ,200 ,200 ,200 ,200 ,200 ,200 ,200 ,200 ,200 ,200 ,200 ,200 ,200 ,5
// 베이비몽크
4038,	26000,90   ,650  ,470  ,40  ,200 ,200 ,200 ,200 ,200 ,200 ,200 ,43  ,48  ,60  ,200 ,40  ,200 ,200 ,200 ,200 ,200 ,200 ,200 ,200 ,200 ,200 ,58  ,5
// 베이비세이지
4039,	24000,75   ,500  ,700  ,45  ,53  ,60  ,200 ,200 ,200 ,200 ,200 ,200 ,200 ,55  ,200 ,200 ,200 ,200 ,43  ,200 ,200 ,200 ,200 ,200 ,200 ,200 ,55  ,5
// 베이비로그
4040,	24000,85   ,500  ,500  ,40  ,45  ,50  ,200 ,200 ,200 ,200 ,200 ,200 ,200 ,200 ,50  ,200 ,200 ,200 ,200 ,200 ,200 ,200 ,200 ,200 ,200 ,200 ,200 ,5
// 베이비알케미스트
4041,	30000,90   ,500  ,400  ,40  ,50  ,45  ,200 ,200 ,200 ,45  ,52  ,45  ,50  ,200 ,200 ,200 ,200 ,200 ,200 ,200 ,200 ,200 ,200 ,200 ,200 ,200 ,200 ,4
// 베이비바드
4042,	27000,75   ,300  ,600  ,40  ,53  ,200 ,200 ,200 ,200 ,200 ,200 ,200 ,200 ,200 ,48  ,200 ,45  ,200 ,200 ,200 ,200 ,200 ,200 ,200 ,200 ,200 ,200 ,7
// 베이비댄서
4043,	27000,75   ,300  ,600  ,40  ,53  ,200 ,200 ,200 ,200 ,200 ,200 ,200 ,200 ,200 ,48  ,200 ,200 ,45  ,200 ,200 ,200 ,200 ,200 ,200 ,200 ,200 ,200 ,7
// 베이비크루세이더 (페코)
4044,	28000,110  ,700  ,470  ,40  ,48  ,43  ,55  ,53  ,52  ,50  ,55  ,45  ,50  ,200 ,200 ,200 ,200 ,200 ,200 ,200 ,200 ,200 ,200 ,200 ,200 ,200 ,200 ,5
// 슈퍼 베이비
4045,	20000,0    ,500  ,100  ,40  ,55  ,57  ,200 ,200 ,200 ,50  ,200 ,50  ,55  ,65  ,200 ,200 ,200 ,200 ,200 ,200 ,200 ,200 ,200 ,200 ,200 ,200 ,65  ,10
// 태권
4046,	28000,70   ,500  ,200  ,40  ,50  ,50  ,50  ,50  ,50  ,50  ,50  ,50  ,50  ,50  ,50  ,50  ,50  ,50  ,50  ,50  ,50  ,50  ,50  ,50  ,50  ,50  ,50  ,6
// 권성
4047,	28000,90   ,650  ,470  ,40  ,50  ,50  ,50  ,50  ,50  ,50  ,50  ,50  ,50  ,50  ,50  ,50  ,50  ,50  ,50  ,50  ,50  ,50  ,50  ,50  ,50  ,50  ,50  ,6
// 권성 (융합)
4048,	28000,90   ,650  ,470  ,40  ,50  ,50  ,50  ,50  ,50  ,50  ,50  ,50  ,50  ,50  ,50  ,50  ,50  ,50  ,50  ,50  ,50  ,50  ,50  ,50  ,50  ,50  ,50  ,6
// 소울링커
4049,	24000,75   ,500  ,900  ,50  ,50  ,200 ,200 ,200 ,200 ,200 ,200 ,200 ,200 ,53  ,200 ,200 ,200 ,200 ,200 ,200 ,200 ,200 ,200 ,200 ,200 ,200 ,55  ,8
// 강시
4050,	24000,65   ,500  ,300  ,40  ,55  ,55  ,55  ,55  ,55  ,55  ,55  ,55  ,55  ,55  ,55  ,55  ,55  ,55  ,55  ,55  ,55  ,55  ,55  ,55  ,55  ,55  ,55  ,0
// 데스나이트
4051,	28000,150  ,500  ,300  ,40  ,55  ,55  ,55  ,55  ,55  ,55  ,55  ,55  ,55  ,55  ,55  ,55  ,55  ,55  ,55  ,55  ,55  ,55  ,55  ,55  ,55  ,55  ,55  ,0
// 다크콜렉터
4052,	24000,75   ,500  ,700  ,40  ,55  ,55  ,55  ,55  ,55  ,55  ,55  ,55  ,55  ,55  ,55  ,55  ,55  ,55  ,55  ,55  ,55  ,55  ,55  ,55  ,55  ,55  ,55  ,0
// 룬나이트
4054,	35000,150  ,500  ,300  ,40  ,50  ,52  ,55  ,60  ,58  ,48  ,52  ,45  ,52  ,200 ,200 ,200 ,200 ,200 ,200 ,200 ,200 ,200 ,200 ,200 ,200 ,200 ,200 ,5
// 워록
4055,	30000,55   ,500  ,900  ,45  ,52  ,60  ,200 ,200 ,200 ,200 ,200 ,200 ,200 ,50  ,200 ,200 ,200 ,200 ,200 ,200 ,200 ,200 ,200 ,200 ,200 ,200 ,56  ,5
// 레인져
4056,	32000,85   ,500  ,400  ,40  ,50  ,200 ,200 ,200 ,200 ,200 ,200 ,200 ,200 ,200 ,49  ,200 ,200 ,200 ,200 ,200 ,200 ,200 ,200 ,200 ,200 ,200 ,200 ,8
// 아크비숍
4057,	30000,75   ,500  ,800  ,45  ,200 ,200 ,200 ,200 ,200 ,200 ,200 ,45  ,45  ,60  ,200 ,50  ,200 ,200 ,44  ,200 ,200 ,200 ,200 ,200 ,200 ,200 ,55  ,5
// 미케닉
4058,	38000,90   ,500  ,400  ,40  ,60  ,65  ,200 ,200 ,200 ,45  ,48  ,48  ,50  ,200 ,200 ,200 ,200 ,200 ,200 ,200 ,200 ,200 ,200 ,200 ,200 ,200 ,200 ,6
// 길로틴 크로스
4059,	32000,110  ,500  ,400  ,40  ,42  ,65  ,200 ,200 ,200 ,80  ,200 ,200 ,200 ,200 ,200 ,200 ,200 ,200 ,200 ,42  ,200 ,95  ,120 ,90  ,100 ,110 ,200 ,9
// 룬나이트 (전승)
4060,	35000,150  ,500  ,300  ,40  ,50  ,52  ,55  ,60  ,58  ,48  ,52  ,45  ,52  ,200 ,200 ,200 ,200 ,200 ,200 ,200 ,200 ,200 ,200 ,200 ,200 ,200 ,200 ,5
// 워록 (전승)
4061,	30000,55   ,500  ,900  ,45  ,52  ,60  ,200 ,200 ,200 ,200 ,200 ,200 ,200 ,50  ,200 ,200 ,200 ,200 ,200 ,200 ,200 ,200 ,200 ,200 ,200 ,200 ,56  ,5
// 레인져 (전승)
4062,	32000,85   ,500  ,400  ,40  ,50  ,200 ,200 ,200 ,200 ,200 ,200 ,200 ,200 ,200 ,49  ,200 ,200 ,200 ,200 ,200 ,200 ,200 ,200 ,200 ,200 ,200 ,200 ,8
// 아크비숍 (전승)
4063,	30000,75   ,500  ,800  ,45  ,200 ,200 ,200 ,200 ,200 ,200 ,200 ,45  ,45  ,60  ,200 ,50  ,200 ,200 ,44  ,200 ,200 ,200 ,200 ,200 ,200 ,200 ,55  ,5
// 미케닉 (전승)
4064,	38000,90   ,500  ,400  ,40  ,60  ,65  ,200 ,200 ,200 ,45  ,48  ,48  ,50  ,200 ,200 ,200 ,200 ,200 ,200 ,200 ,200 ,200 ,200 ,200 ,200 ,200 ,200 ,6
// 길로틴 크로스 (전승)
4065,	32000,110  ,500  ,400  ,40  ,42  ,65  ,200 ,200 ,200 ,80  ,200 ,200 ,200 ,200 ,200 ,200 ,200 ,200 ,200 ,42  ,200 ,95  ,120 ,90  ,100 ,110 ,200 ,9
// 로얄가드
4066,	35000,110  ,700  ,400  ,40  ,47  ,45  ,53  ,50  ,50  ,48  ,52  ,44  ,50  ,200 ,200 ,200 ,200 ,200 ,200 ,200 ,200 ,200 ,200 ,200 ,200 ,200 ,200 ,5
// 소서러
4067,	30000,75   ,500  ,900  ,40  ,50  ,50  ,200 ,200 ,200 ,200 ,200 ,200 ,200 ,45  ,200 ,200 ,200 ,200 ,45  ,200 ,200 ,200 ,200 ,200 ,200 ,200 ,55  ,5
// 민스트렐
4068,	32000,75   ,300  ,400  ,40  ,52  ,200 ,200 ,200 ,200 ,200 ,200 ,200 ,200 ,200 ,49  ,200 ,44  ,200 ,200 ,200 ,200 ,200 ,200 ,200 ,200 ,200 ,200 ,7
// 원더러
4069,	32000,75   ,300  ,400  ,40  ,52  ,200 ,200 ,200 ,200 ,200 ,200 ,200 ,200 ,200 ,49  ,200 ,200 ,44  ,200 ,200 ,200 ,200 ,200 ,200 ,200 ,200 ,200 ,7
// 수라
4070,	30000,90   ,650  ,400  ,38  ,200 ,200 ,200 ,200 ,200 ,200 ,200 ,43  ,45  ,48  ,200 ,39  ,200 ,200 ,200 ,200 ,200 ,200 ,200 ,200 ,200 ,200 ,50  ,5
// 제네릭
4071,	32000,90   ,500  ,900  ,40  ,50  ,44  ,200 ,200 ,200 ,48  ,51  ,44  ,48  ,200 ,200 ,200 ,200 ,200 ,200 ,200 ,200 ,200 ,200 ,200 ,200 ,200 ,200 ,4
// 쉐도우 체이서
4072,	28000,85   ,500  ,400  ,40  ,43  ,47  ,200 ,200 ,200 ,200 ,200 ,200 ,200 ,200 ,47  ,200 ,200 ,200 ,200 ,200 ,200 ,200 ,200 ,200 ,200 ,200 ,200 ,4
// 로얄가드 (전승)
4073,	35000,110  ,700  ,400  ,40  ,47  ,45  ,53  ,50  ,50  ,48  ,52  ,44  ,50  ,200 ,200 ,200 ,200 ,200 ,200 ,200 ,200 ,200 ,200 ,200 ,200 ,200 ,200 ,5
// 소서러 (전승)
4074,	30000,75   ,500  ,900  ,40  ,50  ,50  ,200 ,200 ,200 ,200 ,200 ,200 ,200 ,45  ,200 ,200 ,200 ,200 ,45  ,200 ,200 ,200 ,200 ,200 ,200 ,200 ,55  ,5
// 민스트렐 (전승)
4075,	32000,75   ,300  ,400  ,40  ,52  ,200 ,200 ,200 ,200 ,200 ,200 ,200 ,200 ,200 ,49  ,200 ,44  ,200 ,200 ,200 ,200 ,200 ,200 ,200 ,200 ,200 ,200 ,7
// 원더러 (전승)
4076,	32000,75   ,300  ,400  ,40  ,52  ,200 ,200 ,200 ,200 ,200 ,200 ,200 ,200 ,200 ,49  ,200 ,200 ,44  ,200 ,200 ,200 ,200 ,200 ,200 ,200 ,200 ,200 ,7
// 수라 (전승)
4077,	30000,90   ,650  ,400  ,38  ,200 ,200 ,200 ,200 ,200 ,200 ,200 ,43  ,45  ,48  ,200 ,39  ,200 ,200 ,200 ,200 ,200 ,200 ,200 ,200 ,200 ,200 ,50  ,5
// 제네릭 (전승)
4078,	32000,90   ,500  ,900  ,40  ,50  ,44  ,200 ,200 ,200 ,48  ,51  ,44  ,48  ,200 ,200 ,200 ,200 ,200 ,200 ,200 ,200 ,200 ,200 ,200 ,200 ,200 ,200 ,4
// 쉐도우 체이서 (전승)
4079,	28000,85   ,500  ,400  ,40  ,43  ,47  ,200 ,200 ,200 ,200 ,200 ,200 ,200 ,200 ,47  ,200 ,200 ,200 ,200 ,200 ,200 ,200 ,200 ,200 ,200 ,200 ,200 ,4
// 룬나이트 (드래곤)
4080,	35000,150  ,500  ,300  ,40  ,50  ,52  ,55  ,60  ,58  ,48  ,52  ,45  ,52  ,200 ,200 ,200 ,200 ,200 ,200 ,200 ,200 ,200 ,200 ,200 ,200 ,200 ,200 ,5
// 룬나이트 (드래곤) (전승)
4081,	35000,150  ,500  ,300  ,40  ,50  ,52  ,55  ,60  ,58  ,48  ,52  ,45  ,52  ,200 ,200 ,200 ,200 ,200 ,200 ,200 ,200 ,200 ,200 ,200 ,200 ,200 ,200 ,5
// 로얄가드 (그리폰)
4082,	35000,110  ,700  ,400  ,40  ,47  ,45  ,53  ,50  ,50  ,48  ,52  ,44  ,50  ,200 ,200 ,200 ,200 ,200 ,200 ,200 ,200 ,200 ,200 ,200 ,200 ,200 ,200 ,5
// 로얄가드 (그리폰) (전승)
4083,	35000,110  ,700  ,400  ,40  ,47  ,45  ,53  ,50  ,50  ,48  ,52  ,44  ,50  ,200 ,200 ,200 ,200 ,200 ,200 ,200 ,200 ,200 ,200 ,200 ,200 ,200 ,200 ,5
// 레인져 (워그)
4084,	32000,85   ,500  ,400  ,40  ,50  ,200 ,200 ,200 ,200 ,200 ,200 ,200 ,200 ,200 ,49  ,200 ,200 ,200 ,200 ,200 ,200 ,200 ,200 ,200 ,200 ,200 ,200 ,8
// 레인져 (워그) (전승)
4085,	32000,85   ,500  ,400  ,40  ,50  ,200 ,200 ,200 ,200 ,200 ,200 ,200 ,200 ,200 ,49  ,200 ,200 ,200 ,200 ,200 ,200 ,200 ,200 ,200 ,200 ,200 ,200 ,8
// 미케닉 (마도)
4086,	38000,90   ,500  ,400  ,40  ,60  ,65  ,200 ,200 ,200 ,45  ,48  ,48  ,50  ,200 ,200 ,200 ,200 ,200 ,200 ,200 ,200 ,200 ,200 ,200 ,200 ,200 ,200 ,6
// 미케닉 (마도) (전승)
4087,	38000,90   ,500  ,400  ,40  ,60  ,65  ,200 ,200 ,200 ,45  ,48  ,48  ,50  ,200 ,200 ,200 ,200 ,200 ,200 ,200 ,200 ,200 ,200 ,200 ,200 ,200 ,200 ,6
// 베이비룬나이트
4096,	28000,150  ,500  ,300  ,40  ,50  ,52  ,55  ,60  ,58  ,48  ,52  ,45  ,52  ,200 ,200 ,200 ,200 ,200 ,200 ,200 ,200 ,200 ,200 ,200 ,200 ,200 ,200 ,5
// 베이비워록
4097,	24000,55   ,500  ,900  ,45  ,52  ,60  ,200 ,200 ,200 ,200 ,200 ,200 ,200 ,50  ,200 ,200 ,200 ,200 ,200 ,200 ,200 ,200 ,200 ,200 ,200 ,200 ,56  ,5
// 베이비레인져
4098,	27000,85   ,500  ,400  ,40  ,50  ,200 ,200 ,200 ,200 ,200 ,200 ,200 ,200 ,200 ,49  ,200 ,200 ,200 ,200 ,200 ,200 ,200 ,200 ,200 ,200 ,200 ,200 ,8
// 베이비아크비숍
4099,	26000,75   ,500  ,800  ,45  ,200 ,200 ,200 ,200 ,200 ,200 ,200 ,45  ,45  ,60  ,200 ,50  ,200 ,200 ,44  ,200 ,200 ,200 ,200 ,200 ,200 ,200 ,55  ,5
// 베이비미케닉
4100,	30000,90   ,500  ,400  ,40  ,60  ,65  ,200 ,200 ,200 ,45  ,48  ,48  ,50  ,200 ,200 ,200 ,200 ,200 ,200 ,200 ,200 ,200 ,200 ,200 ,200 ,200 ,200 ,6
// 베이비길로틴크로스
4101,	24000,110  ,500  ,400  ,40  ,42  ,65  ,200 ,200 ,200 ,80  ,200 ,200 ,200 ,200 ,200 ,200 ,200 ,200 ,200 ,42  ,200 ,95  ,120 ,90  ,100 ,110 ,200 ,9
// 베이비로얄가드
4102,	28000,110  ,700  ,400  ,40  ,47  ,45  ,53  ,50  ,50  ,48  ,52  ,44  ,50  ,200 ,200 ,200 ,200 ,200 ,200 ,200 ,200 ,200 ,200 ,200 ,200 ,200 ,200 ,5
// 베이비소서러
4103,	24000,75   ,500  ,900  ,40  ,50  ,50  ,200 ,200 ,200 ,200 ,200 ,200 ,200 ,45  ,200 ,200 ,200 ,200 ,45  ,200 ,200 ,200 ,200 ,200 ,200 ,200 ,55  ,5
// 베이비민스트렐
4104,	27000,75   ,300  ,400  ,40  ,52  ,200 ,200 ,200 ,200 ,200 ,200 ,200 ,200 ,200 ,49  ,200 ,44  ,200 ,200 ,200 ,200 ,200 ,200 ,200 ,200 ,200 ,200 ,7
// 베이비원더러
4105,	27000,75   ,300  ,400  ,40  ,52  ,200 ,200 ,200 ,200 ,200 ,200 ,200 ,200 ,200 ,49  ,200 ,200 ,44  ,200 ,200 ,200 ,200 ,200 ,200 ,200 ,200 ,200 ,7
// 베이비수라
4106,	26000,90   ,650  ,400  ,38  ,200 ,200 ,200 ,200 ,200 ,200 ,200 ,43  ,45  ,48  ,200 ,39  ,200 ,200 ,200 ,200 ,200 ,200 ,200 ,200 ,200 ,200 ,50  ,5
// 베이비제네릭
4107,	30000,90   ,500  ,900  ,40  ,50  ,44  ,200 ,200 ,200 ,48  ,51  ,44  ,48  ,200 ,200 ,200 ,200 ,200 ,200 ,200 ,200 ,200 ,200 ,200 ,200 ,200 ,200 ,4
// 베이비쉐도우 체이서
4108,	24000,85   ,500  ,400  ,40  ,43  ,47  ,200 ,200 ,200 ,200 ,200 ,200 ,200 ,200 ,47  ,200 ,200 ,200 ,200 ,200 ,200 ,200 ,200 ,200 ,200 ,200 ,200 ,4
// 베이비룬나이트 (드래곤)
4109,	28000,150  ,500  ,300  ,40  ,50  ,52  ,55  ,60  ,58  ,48  ,52  ,45  ,52  ,200 ,200 ,200 ,200 ,200 ,200 ,200 ,200 ,200 ,200 ,200 ,200 ,200 ,200 ,5
// 베이비로얄가드 (그리폰)
4110,	28000,110  ,700  ,400  ,40  ,47  ,45  ,53  ,50  ,50  ,48  ,52  ,44  ,50  ,200 ,200 ,200 ,200 ,200 ,200 ,200 ,200 ,200 ,200 ,200 ,200 ,200 ,200 ,5
// 베이비레인져 (워그)
4111,	27000,85   ,500  ,400  ,40  ,50  ,200 ,200 ,200 ,200 ,200 ,200 ,200 ,200 ,200 ,49  ,200 ,200 ,200 ,200 ,200 ,200 ,200 ,200 ,200 ,200 ,200 ,200 ,8
// 베이비미케닉 (마도)
4112,	30000,90   ,500  ,400  ,40  ,60  ,65  ,200 ,200 ,200 ,45  ,48  ,48  ,50  ,200 ,200 ,200 ,200 ,200 ,200 ,200 ,200 ,200 ,200 ,200 ,200 ,200 ,200 ,6
// 슈퍼 노비스 (확장)
4190,	20000,0    ,500  ,100  ,40  ,55  ,57  ,200 ,200 ,200 ,50  ,200 ,50  ,55  ,65  ,200 ,200 ,200 ,200 ,200 ,200 ,200 ,200 ,200 ,200 ,200 ,200 ,65  ,10
// 슈퍼 베이비 (확장)
4191,	20000,0    ,500  ,100  ,40  ,55  ,57  ,200 ,200 ,200 ,50  ,200 ,50  ,55  ,65  ,200 ,200 ,200 ,200 ,200 ,200 ,200 ,200 ,200 ,200 ,200 ,200 ,65  ,10
// 카게로우
4211,	26000,75   ,500  ,540  ,40  ,45  ,200 ,200 ,200 ,200 ,200 ,200 ,200 ,200 ,200 ,200 ,200 ,200 ,200 ,200 ,200 ,200 ,200 ,200 ,200 ,200 ,50  ,200 ,3
// 오보로
4212,	26000,75   ,500  ,540  ,40  ,45  ,200 ,200 ,200 ,200 ,200 ,200 ,200 ,200 ,200 ,200 ,200 ,200 ,200 ,200 ,200 ,200 ,200 ,200 ,200 ,200 ,50  ,200 ,3
// 리벨리온
4215,	28000,90   ,650  ,469  ,50  ,200 ,200 ,200 ,200 ,200 ,200 ,200 ,200 ,200 ,200 ,200 ,200 ,200 ,200 ,200 ,200 ,45  ,55  ,50  ,90  ,100 ,200 ,200 ,6
// Summoner
4218,	20000,70   ,500  ,500  ,45  ,55  ,200 ,200 ,200 ,200 ,200 ,200 ,200 ,200 ,55  ,200 ,200 ,200 ,200 ,43  ,200 ,200 ,200 ,200 ,200 ,200 ,200 ,55  ,5
// Baby Summoner
4220,	20000,100  ,700  ,200  ,45  ,55  ,200 ,200 ,200 ,200 ,200 ,200 ,200 ,200 ,55  ,200 ,200 ,200 ,200 ,43  ,200 ,200 ,200 ,200 ,200 ,200 ,200 ,55  ,5
// Baby Ninja
4222,	26000,75   ,500  ,540  ,40  ,43  ,200 ,200 ,200 ,200 ,200 ,200 ,200 ,200 ,200 ,200 ,200 ,200 ,200 ,200 ,200 ,200 ,200 ,200 ,200 ,200 ,55  ,200 ,6
// Baby Kagerou
4223,	26000,75   ,500  ,540  ,40  ,45  ,200 ,200 ,200 ,200 ,200 ,200 ,200 ,200 ,200 ,200 ,200 ,200 ,200 ,200 ,200 ,200 ,200 ,200 ,200 ,200 ,50  ,200 ,3
// Baby Oboro
4224,	26000,75   ,500  ,540  ,40  ,45  ,200 ,200 ,200 ,200 ,200 ,200 ,200 ,200 ,200 ,200 ,200 ,200 ,200 ,200 ,200 ,200 ,200 ,200 ,200 ,200 ,50  ,200 ,3
// Baby Taekwon
4225,	28000,70   ,500  ,200  ,40  ,50  ,50  ,50  ,50  ,50  ,50  ,50  ,50  ,50  ,50  ,50  ,50  ,50  ,50  ,50  ,50  ,50  ,50  ,50  ,50  ,50  ,50  ,50  ,6
// Baby Star Gladiator
4226,	28000,90   ,650  ,470  ,40  ,50  ,50  ,50  ,50  ,50  ,50  ,50  ,50  ,50  ,50  ,50  ,50  ,50  ,50  ,50  ,50  ,50  ,50  ,50  ,50  ,50  ,50  ,50  ,6
// Baby Soul Linker
4227,	24000,75   ,500  ,900  ,50  ,50  ,200 ,200 ,200 ,200 ,200 ,200 ,200 ,200 ,53  ,200 ,200 ,200 ,200 ,200 ,200 ,200 ,200 ,200 ,200 ,200 ,200 ,55  ,8
// Baby Gunslinger
4228,	28000,90   ,650  ,469  ,50  ,200 ,200 ,200 ,200 ,200 ,200 ,200 ,200 ,200 ,200 ,200 ,200 ,200 ,200 ,200 ,200 ,45  ,55  ,50  ,90  ,100 ,200 ,200 ,6
// Baby Rebellion
4229,	28000,90   ,650  ,469  ,50  ,200 ,200 ,200 ,200 ,200 ,200 ,200 ,200 ,200 ,200 ,200 ,200 ,200 ,200 ,200 ,200 ,45  ,55  ,50  ,90  ,100 ,200 ,200 ,6
// Baby Star Gladiator (Union)
4238,	28000,90   ,650  ,470  ,40  ,50  ,50  ,50  ,50  ,50  ,50  ,50  ,50  ,50  ,50  ,50  ,50  ,50  ,50  ,50  ,50  ,50  ,50  ,50  ,50  ,50  ,50  ,50  ,6
